编号ID 	物品	最少	最多
number	number	number	number
id	p1	s1	l1
			
50001	0	0	0
0	2	10000	10000
0	20015	1	1
0	20018	1	1
0	20002	1	1
0	20019	1	1
50002	0	0	0
0	2	20000	20000
0	30007	2	2
0	30001	1	1
0	20003	1	1
0	30006	1	1
50003	0	0	0
0	2	30000	30000
0	30007	4	4
0	30001	1	1
0	20004	1	1
0	30006	1	1
50004	0	0	0
0	2	40000	40000
0	30007	8	8
0	30001	2	2
0	20005	1	1
0	30006	2	2
50005	0	0	0
0	2	50000	50000
0	30007	10	10
0	30002	3	3
0	20006	1	1
0	30004	1	1
50006	0	0	0
0	2	80000	80000
0	30007	14	14
0	30002	6	6
0	20007	1	1
0	30004	2	2
50007	0	0	0
0	2	120000	120000
0	30007	20	20
0	30002	8	8
0	20008	1	1
0	30004	4	4
50008	0	0	0
0	2	150000	150000
0	30007	25	25
0	30002	15	15
0	20009	1	1
0	30004	5	5
50009	0	0	0
0	2	200000	200000
0	30007	30	30
0	30002	20	20
0	20010	1	1
0	30004	10	10
50010	0	0	0
0	2	250000	250000
0	30007	35	35
0	30002	25	25
0	20011	1	1
0	30004	15	15
50011	0	0	0
0	2	300000	300000
0	30007	40	40
0	30002	30	30
0	20012	1	1
0	30004	20	20
50012	0	0	0
0	2	500000	500000
0	30007	45	45
0	30002	35	35
0	20013	1	1
0	30004	25	25
50013	0	0	0
0	2	800000	800000
0	30007	50	50
0	30002	40	40
0	20014	1	1
0	30004	30	30
50014	0	0	0
0	2	1000000	1000000
0	30007	50	50
0	30002	40	40
0	30004	30	30
50015	0	0	0
0	30007	5	5
0	30019	5	5
50016	0	0	0
0	15001	2	2
0	30003	1	1
0	25004	1	1
0	30007	5	5
50017	0	0	0
0	25004	1	1
0	25040	1	1
0	25013	1	1
0	25022	1	1
0	25031	1	1
50018	0	0	0
0	30001	5	5
0	30002	5	5
0	30003	1	1
0	30008	3	3
50019	0	0	0
0	30006	10	10
0	30004	5	5
50020	0	0	0
0	30002	3	3
0	30004	3	3
0	30006	3	3
0	30001	3	3
50021	0	0	0
0	30009	10	10
0	25048	1	1
0	15001	1	1
0	15002	1	1
0	15001	10	10
50022	0	0	0
0	25004	1	1
0	25040	1	1
0	25013	1	1
0	25022	1	1
0	25031	1	1
50023	0	0	0
0	30019	1	1
0	30009	1	1
0	30004	1	1
0	30003	1	1
0	30037	1	1
0	30007	1	1
0	30010	1	1
50024	0	0	0
0	30003	1	1
0	30005	1	1
0	30010	1	1
0	20022	1	1
50025	0	0	0
0	30012	1	1
0	30034	2	2
50026	0	0	0
0	30009	5	5
0	30011	1	1
0	15001	1	1
0	20022	1	1
0	30033	3	3
50027	0	0	0
0	30019	1	1
0	30009	1	1
0	30004	1	1
0	30003	1	1
0	30001	1	1
0	30002	1	1
0	30006	1	1
0	30033	3	3
50028	0	0	0
0	30011	1	1
0	20044	1	1
0	30009	1	1
0	30029	3	3
0	20045	1	1
0	20046	1	1
50029	0	0	0
0	30002	1	1
0	30007	6	6
0	30004	1	1
50030	0	0	0
0	30002	2	2
0	30007	10	20
0	30009	10	15
0	30004	2	2
50031	0	0	0
0	30003	1	1
0	30007	20	20
0	30009	6	6
0	30005	1	1
50032	0	0	0
0	30003	2	2
0	30007	40	40
0	30009	30	30
0	30005	1	1
50033	0	0	0
0	30003	5	5
0	30007	60	60
0	30009	105	105
0	30005	5	5
50034	0	0	0
0	30003	30	30
0	30007	80	80
50035	0	0	0
0	30005	40	40
0	30007	200	200
50036	0	0	0
0	30003	50	50
0	30007	200	200
0	30009	350	350
50037	0	0	0
0	30003	35	35
0	30007	300	300
0	30009	700	700
0	30005	15	15
50038	0	0	0
0	30003	50	50
0	30007	500	500
0	30009	1200	1200
0	30005	20	20
50039	0	0	0
0	30007	5000	5000
0	30009	300	300
0	30005	35	35
0	30003	35	35
50040	0	0	0
0	30028	60	60
0	30007	2500	2500
0	30005	100	100
0	30003	100	100
50041	0	0	0
0	30028	60	60
0	30007	2500	2500
0	30005	100	100
0	30003	100	100
50042	0	0	0
0	30028	60	60
0	30007	2500	2500
0	30005	100	100
0	30003	100	100
50043	0	0	0
0	30028	60	60
0	30007	2500	2500
0	30005	100	100
0	30003	100	100
50044	0	0	0
0	35010	10	10
0	35028	10	10
0	35046	10	10
50045	0	0	0
0	35001	10	10
0	35019	10	10
0	35037	10	10
50046	0	0	0
0	35055	10	10
0	35064	10	10
0	35073	10	10
50047	0	0	0
0	15057	1	1
0	30009	30	30
0	30007	50	50
0	30012	3	3
0	30002	15	15
50048	0	0	0
0	15003	10	10
0	15004	10	10
0	15005	10	10
0	15006	10	10
0	15007	10	10
50049	0	0	0
0	30007	1	1
50050	0	0	0
0	30007	1	1
0	30006	1	1
0	30001	1	1
50051	0	0	0
0	30007	2	2
0	30006	1	1
0	30001	2	2
50052	0	0	0
0	30009	1	1
0	30007	2	2
0	30002	1	1
0	30004	1	1
50053	0	0	0
0	30009	2	2
0	30007	2	2
0	30003	1	1
50054	0	0	0
0	30009	5	5
0	30003	2	2
0	30005	1	1
50055	0	0	0
0	30009	7	7
0	30003	1	1
0	30005	1	1
0	15001	1	1
50056	0	0	0
0	30009	10	10
0	30003	2	2
0	30005	2	2
0	15001	2	2
50057	0	0	0
0	30009	12	12
0	30003	3	3
0	30005	3	3
0	15001	3	3
50058	0	0	0
0	30009	15	15
0	30003	4	4
0	30005	4	4
0	15002	1	1
50059	0	0	0
0	30009	30	30
0	30003	4	4
0	20022	1	1
0	15002	2	2
50060	0	0	0
0	30009	30	30
0	30003	4	4
0	30028	1	1
0	15002	2	2
50061	0	0	0
0	30009	30	30
0	30003	4	4
0	30028	1	1
0	15002	2	 
50062	0	0	0
0	30009	30	30
0	30003	4	4
0	30028	1	1
0	15002	2	2
50063	0	0	0
0	30009	30	30
0	30003	4	4
0	30028	1	1
0	15002	2	2
50064	0	0	0
0	2	500	500
0	30007	1	1
50065	0	0	0
0	2	800	800
0	30001	1	1
0	30007	2	2
50066	0	0	0
0	2	1000	1000
0	30009	2	2
0	30001	2	2
50067	0	0	0
0	2	1500	1500
0	30009	2	2
0	30007	2	2
0	30006	2	2
50068	0	0	0
0	2	2000	2000
0	30007	3	3
0	30009	2	2
0	30002	1	1
50069	0	0	0
0	2	3000	3000
0	30002	2	2
0	2	2	2
50070	0	0	0
0	2	4000	4000
0	30002	2	2
0	30007	5	5
0	15001	1	1
50071	0	0	0
0	2	5000	5000
0	30003	1	1
0	30007	10	10
0	15001	1	1
50072	0	0	0
0	2	10000	10000
0	30009	3	3
0	30007	2	2
0	30006	1	1
0	30004	1	1
50073	0	0	0
0	2	20000	20000
0	30002	2	2
0	30004	2	2
50074	0	0	0
0	2	20000	20000
0	30002	3	3
0	30004	2	2
0	15001	1	1
0	1	20	20
50075	0	0	0
0	2	40000	40000
0	30009	10	10
0	15001	2	2
0	2	50	50
50076	0	0	0
0	2	40000	40000
0	30009	15	15
0	15001	3	3
0	1	100	100
50077	0	0	0
0	2	40000	40000
0	30002	3	3
0	30009	20	20
0	15001	4	4
0	15002	4	4
0	30004	2	2
0	1	100	100
50078	0	0	0
0	30003	2	2
0	30005	2	2
0	30007	10	10
0	30009	10	10
0	30008	2	2
50078	0	0	0
0	30002	2	2
0	30004	2	2
0	30007	3	3
0	30009	2	2
0	30008	1	1
50501	0	0	0
0	3	132	132
0	2	280	280
0	6	2	2
50502	0	0	0
0	3	165	165
0	2	294	294
0	30007	2	2
50503	0	0	0
0	3	198	198
0	2	308	308
0	6	2	2
50504	0	0	0
0	3	231	231
0	2	323	323
0	6	2	2
0	25013	1	1
50505	0	0	0
0	3	264	264
0	2	338	338
0	30007	2	2
50506	0	0	0
0	3	247	247
0	2	355	355
0	6	2	2
50507	0	0	0
0	3	275	275
0	2	372	372
0	6	2	2
0	30007	3	3
0	15001	1	1
50508	0	0	0
0	3	302	302
0	2	390	390
0	6	2	2
50509	0	0	0
0	3	330	330
0	2	408	408
0	30007	4	4
50510	0	0	0
0	3	357	357
0	2	428	428
0	6	2	2
0	25022	1	1
50511	0	0	0
0	3	512	512
0	2	449	449
0	30007	5	5
50512	0	0	0
0	3	550	550
0	2	471	471
50513	0	0	0
0	3	586	586
0	2	494	494
0	30007	6	6
0	15001	1	1
50514	0	0	0
0	3	622	622
0	2	518	518
50515	0	0	0
0	3	660	660
0	2	543	543
0	25040	1	1
50516	0	0	0
0	3	1045	1045
0	2	569	569
0	30007	7	7
50517	0	0	0
0	3	1100	1100
0	2	597	597
50518	0	0	0
0	3	1155	1155
0	2	627	627
0	30007	8	8
0	15001	2	2
50519	0	0	0
0	3	1210	1210
0	2	658	658
50520	0	0	0
0	3	1265	1265
0	2	690	690
0	30007	9	9
0	25031	1	1
50521	0	0	0
0	3	1056	1056
0	2	723	723
50522	0	0	0
0	3	1100	1100
0	2	758	758
0	30007	10	10
50523	0	0	0
0	3	1144	1144
0	2	796	796
0	15001	3	3
50524	0	0	0
0	3	1188	1188
0	2	835	835
0	30007	11	11
50525	0	0	0
0	3	1232	1232
0	2	876	876
0	25004	1	1
50526	0	0	0
0	3	1914	1914
0	2	919	919
50527	0	0	0
0	3	1980	1980
0	2	964	964
0	30007	12	12
50528	0	0	0
0	3	2046	2046
0	2	1012	1012
0	15001	3	3
50529	0	0	0
0	3	1920	1920
0	2	1062	1062
0	30007	13	13
50530	0	0	0
0	3	1980	1980
0	2	1114	1114
50531	0	0	0
0	3	3400	3400
0	2	1169	1169
0	30007	14	14
50532	0	0	0
0	3	3500	3500
0	2	1226	1226
50533	0	0	0
0	3	3600	3600
0	2	1286	1286
0	30007	15	15
0	25004	1	1
50534	0	0	0
0	3	3700	3700
0	2	1349	1349
50535	0	0	0
0	3	3800	3800
0	2	1416	1416
0	30007	16	16
50536	0	0	0
0	3	4875	4875
0	2	1486	1486
50537	0	0	0
0	3	5000	5000
0	2	1561	1561
50538	0	0	0
0	3	5125	5125
0	2	1638	1638
0	30007	17	17
0	15001	2	2
50539	0	0	0
0	3	5250	5250
0	2	1719	1719
50540	0	0	0
0	3	5375	5375
0	2	1804	1804
0	30007	18	18
50541	0	0	0
0	3	6160	6160
0	2	1894	1894
50542	0	0	0
0	3	6300	6300
0	2	1988	1988
0	30007	19	19
50543	0	0	0
0	3	6440	6440
0	2	2087	2087
0	25013	1	1
50544	0	0	0
0	3	6580	6580
0	2	2191	2191
0	30007	20	20
50545	0	0	0
0	3	6270	6270
0	2	2300	2300
50546	0	0	0
0	3	7717	7717
0	2	2415	2415
0	30007	21	21
50547	0	0	0
0	3	7875	7875
0	2	2535	2535
50548	0	0	0
0	3	8032	8032
0	2	2661	2661
0	30007	22	22
0	15001	2	2
50549	0	0	0
0	3	8190	8190
0	2	2794	2794
50550	0	0	0
0	3	8347	8347
0	2	2933	2933
0	30007	23	23
50551	0	0	0
0	3	3150	3150
0	2	3078	3078
50552	0	0	0
0	3	3208	3208
0	2	3231	3231
0	30007	24	24
50553	0	0	0
0	3	3266	3266
0	2	3392	3392
50554	0	0	0
0	3	3325	3325
0	2	3561	3561
0	30007	25	25
0	25022	1	1
50555	0	0	0
0	2	3383	3383
0	30007	3739	3739
50556	0	0	0
0	3	4160	4160
0	2	3925	3925
0	30007	25	25
50557	0	0	0
0	3	4200	4200
0	2	4121	4121
50558	0	0	0
0	3	4270	4270
0	2	4327	4327
0	30007	25	25
50559	0	0	0
0	3	4340	4340
0	2	4543	4543
50560	0	0	0
0	3	3150	3150
0	2	4769	4769
0	30007	25	25
0	15001	2	2
50561	0	0	0
0	3	3733	3733
0	2	5007	5007
50562	0	0	0
0	3	3791	3791
0	2	5257	5257
0	30007	25	25
50563	0	0	0
0	3	3850	3850
0	2	5518	5518
50564	0	0	0
0	3	3908	3908
0	2	5794	5794
0	30007	25	25
50565	0	0	0
0	3	3966	3966
0	2	6083	6083
0	25040	1	1
50566	0	0	0
0	3	4600	4600
0	2	6386	6386
0	30007	25	25
50567	0	0	0
0	3	4666	4666
0	2	6706	6706
50568	0	0	0
0	3	4733	4733
0	2	7040	7040
0	30007	25	25
50569	0	0	0
0	3	4800	4800
0	2	7392	7392
50570	0	0	0
0	3	4866	4866
0	2	7761	7761
0	30007	25	25
50571	0	0	0
0	3	5550	5550
0	2	8149	8149
50572	0	0	0
0	3	5625	5625
0	2	8556	8556
0	30007	25	25
50573	0	0	0
0	3	5700	5700
0	2	8983	8983
0	15001	2	2
50574	0	0	0
0	3	5775	5775
0	2	9431	9431
0	30007	25	25
50575	0	0	0
0	3	5850	5850
0	2	9902	9902
50576	0	0	0
0	3	6583	6583
0	2	10396	10396
0	30007	25	25
50577	0	0	0
0	3	6666	6666
0	2	10915	10915
50578	0	0	0
0	3	6750	6750
0	2	11460	11460
0	30007	25	25
50579	0	0	0
0	3	6833	6833
0	2	12033	12033
50580	0	0	0
0	3	6916	6916
0	2	12633	12633
0	30007	25	25
0	25031	1	1
50581	0	0	0
0	3	4800	4800
0	2	13265	13265
50582	0	0	0
0	3	4857	4857
0	2	13927	13927
0	30007	25	25
50583	0	0	0
0	3	4914	4914
0	2	14623	14623
50584	0	0	0
0	3	4971	4971
0	2	15353	15353
0	30007	25	25
50585	0	0	0
0	3	5028	5028
0	2	16121	16121
50586	0	0	0
0	3	5933	5933
0	2	16926	16926
0	30007	25	25
50587	0	0	0
0	3	6000	6000
0	2	17771	17771
50588	0	0	0
0	3	6066	6066
0	2	18659	18659
0	30007	25	25
0	15001	2	2
50589	0	0	0
0	3	6133	6133
0	2	19591	19591
50590	0	0	0
0	3	6200	6200
0	2	20570	20570
0	30007	25	25
50591	0	0	0
0	3	7161	7161
0	2	21597	21597
50592	0	0	0
0	3	7238	7238
0	2	22677	22677
0	30007	25	25
50593	0	0	0
0	3	7314	7314
0	2	21809	21809
50594	0	0	0
0	3	7390	7390
0	2	24999	24999
0	30007	25	25
50595	0	0	0
0	3	7466	7466
0	2	26248	26248
0	15002	1	1
50596	0	0	0
0	3	9428	9428
0	2	27560	27560
0	30007	25	25
50597	0	0	0
0	3	9523	9523
0	2	28938	28938
50598	0	0	0
0	3	9619	9619
0	2	30384	30384
0	30007	25	25
50599	0	0	0
0	3	9714	9714
0	2	31903	31903
50600	0	0	0
0	3	16186	16186
0	2	33497	33497
0	30007	25	25
50601	0	0	0
0	3	16187	16187
0	2	33497	33497
50602	0	0	0
0	3	16188	16188
0	2	33497	33497
0	30007	25	25
50603	0	0	0
0	3	16189	16189
0	2	33497	33497
0	15002	1	1
50604	0	0	0
0	3	16190	16190
0	2	33497	33497
0	30007	25	25
50605	0	0	0
0	3	16191	16191
0	2	33497	33497
50606	0	0	0
0	3	16192	16192
0	2	33497	33497
0	30007	25	25
50607	0	0	0
0	3	16193	16193
0	2	33497	33497
50608	0	0	0
0	3	16194	16194
0	2	33497	33497
0	30007	25	25
50609	0	0	0
0	3	16195	16195
0	2	33497	33497
50610	0	0	0
0	3	16195	16195
0	2	33497	33497
0	30007	25	25
50611	0	0	0
0	3	11697	11697
0	2	33497	33497
0	15002	1	1
50612	0	0	0
0	3	16198	16198
0	2	33497	33497
0	30007	25	25
50613	0	0	0
0	3	16199	16199
0	2	33497	33497
50614	0	0	0
0	3	16200	16200
0	2	33497	33497
0	30007	25	25
50615	0	0	0
0	3	11201	11201
0	2	33497	33497
50616	0	0	0
0	3	16201	16201
0	2	33497	33497
0	30007	25	25
50617	0	0	0
0	3	16203	16203
0	2	33497	33497
50618	0	0	0
0	3	16186	16186
0	2	33497	33497
0	30007	25	25
50619	0	0	0
0	3	16187	16187
0	2	33497	33497
50620	0	0	0
0	3	16188	16188
0	2	33497	33497
0	30007	25	25
50621	0	0	0
0	3	16189	16189
0	2	33497	33497
50622	0	0	0
0	3	16190	16190
0	2	33497	33497
0	30007	25	25
50623	0	0	0
0	3	16191	16191
0	2	33497	33497
50624	0	0	0
0	3	16192	16192
0	2	33497	33497
0	30007	25	25
50625	0	0	0
0	3	16193	16193
0	2	33497	33497
50626	0	0	0
0	3	16194	16194
0	2	33497	33497
0	30007	25	25
50627	0	0	0
0	3	16195	16195
0	2	33497	33497
50628	0	0	0
0	3	16196	16196
0	2	33497	33497
0	30007	25	25
50629	0	0	0
0	3	16197	16197
0	2	33497	33497
50630	0	0	0
0	3	16198	16198
0	2	33497	33497
0	30007	25	25
50631	0	0	0
0	3	16199	16199
0	2	33497	33497
50632	0	0	0
0	3	16200	16200
0	2	33497	33497
0	30007	25	25
0	15002	1	1
50633	0	0	0
0	3	16201	16201
0	2	33497	33497
50634	0	0	0
0	3	16202	16202
0	2	33497	33497
0	30007	25	25
50635	0	0	0
0	3	16203	16203
0	2	33497	33497
0	15002	1	1
50636	0	0	0
0	3	16203	16203
0	2	33497	33497
50637	0	0	0
0	3	16203	16203
0	2	33497	33497
0	30007	25	25
50638	0	0	0
0	3	16203	16203
0	2	33497	33497
50639	0	0	0
0	3	16203	16203
0	2	33497	33497
0	30007	25	25
50640	0	0	0
0	3	16203	16203
0	2	33497	33497
50641	0	0	0
0	3	16203	16203
0	2	33497	33497
0	30007	25	25
50642	0	0	0
0	3	16203	16203
0	2	33497	33497
50643	0	0	0
0	3	16203	16203
0	2	33497	33497
0	30007	25	25
50644	0	0	0
0	3	16203	16203
0	2	33497	33497
50645	0	0	0
0	3	16203	16203
0	2	33497	33497
0	30007	25	25
50646	0	0	0
0	3	16203	16203
0	2	33497	33497
50647	0	0	0
0	3	16203	16203
0	2	33497	33497
0	30007	25	25
50648	0	0	0
0	3	16203	16203
0	2	33497	33497
50649	0	0	0
0	3	16203	16203
0	2	33497	33497
0	30007	25	25
50650	0	0	0
0	3	16203	16203
0	2	33497	33497
0	15002	1	1
50651	0	0	0
0	3	16203	16203
0	2	33497	33497
50652	0	0	0
0	3	16203	16203
0	2	33497	33497
0	30007	25	25
50653	0	0	0
0	3	16203	16203
0	2	33497	33497
50654	0	0	0
0	3	16203	16203
0	2	33497	33497
0	30007	25	25
50655	0	0	0
0	3	16203	16203
0	2	33497	33497
50656	0	0	0
0	3	16203	16203
0	2	33497	33497
0	30007	25	25
50657	0	0	0
0	3	16203	16203
0	2	33497	33497
50658	0	0	0
0	3	16203	16203
0	2	33497	33497
0	30007	25	25
50659	0	0	0
0	3	16203	16203
0	2	33497	33497
50660	0	0	0
0	3	16203	16203
0	2	33497	33497
0	30007	25	25
50661	0	0	0
0	3	16203	16203
0	2	33497	33497
50662	0	0	0
0	3	16203	16203
0	2	33497	33497
0	30007	25	25
50663	0	0	0
0	3	16203	16203
0	2	33497	33497
50664	0	0	0
0	3	16203	16203
0	2	33497	33497
0	30007	25	25
50665	0	0	0
0	3	16203	16203
0	2	33497	33497
50666	0	0	0
0	3	16203	16203
0	2	33497	33497
0	30007	25	25
50667	0	0	0
0	3	16203	16203
0	2	33497	33497
50668	0	0	0
0	3	16203	16203
0	2	33497	33497
0	30007	25	25
50669	0	0	0
0	3	16203	16203
0	2	33497	33497
50670	0	0	0
0	3	16203	16203
0	2	33497	33497
0	30007	25	25
50671	0	0	0
0	3	16203	16203
0	2	33497	33497
50672	0	0	0
0	3	16203	16203
0	2	33497	33497
0	30007	25	25
50673	0	0	0
0	3	16203	16203
0	2	33497	33497
50674	0	0	0
0	3	16203	16203
0	2	33497	33497
0	30007	25	25
50675	0	0	0
0	3	16203	16203
0	2	33497	33497
50676	0	0	0
0	3	16203	16203
0	2	33497	33497
0	30007	25	25
50677	0	0	0
0	3	16203	16203
0	2	33497	33497
0	15002	1	1
50678	0	0	0
0	3	16203	16203
0	2	33497	33497
50679	0	0	0
0	3	16203	16203
0	2	33497	33497
0	30007	25	25
50680	0	0	0
0	3	16203	16203
0	2	33497	33497
50681	0	0	0
0	3	16203	16203
0	2	33497	33497
0	30007	25	25
50682	0	0	0
0	3	16203	16203
0	2	33497	33497
50683	0	0	0
0	3	16203	16203
0	2	33497	33497
0	30007	25	25
50684	0	0	0
0	3	16203	16203
0	2	33497	33497
50685	0	0	0
0	3	16203	16203
0	2	33497	33497
0	30007	25	25
50686	0	0	0
0	3	16203	16203
0	2	33497	33497
50687	0	0	0
0	3	16203	16203
0	2	33497	33497
0	30007	25	25
50688	0	0	0
0	3	16203	16203
0	2	33497	33497
50689	0	0	0
0	3	16203	16203
0	2	33497	33497
0	30007	25	25
50690	0	0	0
0	3	16203	16203
0	2	33497	33497
50691	0	0	0
0	3	16203	16203
0	2	33497	33497
0	30007	25	25
50692	0	0	0
0	3	16203	16203
0	2	33497	33497
0	15002	1	1
51001	0	0	0
0	3	130	130
0	2	1071	1071
0	30001	1	1
0	30006	1	1
51002	0	0	0
0	3	186	186
0	2	1127	1127
51003	0	0	0
0	3	200	200
0	2	1169	1169
0	30001	1	1
0	30006	1	1
51004	0	0	0
0	3	214	214
0	2	1239	1239
51005	0	0	0
0	3	226	226
0	2	1295	1295
0	30001	1	1
0	30006	1	1
51006	0	0	0
0	3	240	240
0	2	1358	1358
51007	0	0	0
0	3	380	380
0	2	1428	1428
0	30001	1	1
0	30006	1	1
51008	0	0	0
0	3	400	400
0	2	1498	1498
51009	0	0	0
0	3	420	420
0	2	1568	1568
0	30001	1	1
0	30006	1	1
51010	0	0	0
0	3	440	440
0	2	1645	1645
51011	0	0	0
0	3	460	460
0	2	1729	1729
0	30001	1	1
0	30006	1	1
51012	0	0	0
0	3	384	384
0	2	1813	1813
51013	0	0	0
0	3	400	400
0	2	1897	1897
0	30001	1	1
0	30006	1	1
51014	0	0	0
0	3	416	416
0	2	1995	1995
51015	0	0	0
0	3	432	432
0	2	2093	2093
0	30001	1	1
0	30006	1	1
51016	0	0	0
0	3	448	448
0	2	2191	2191
51017	0	0	0
0	3	698	698
0	2	2303	2303
0	30001	1	1
0	30006	1	1
51018	0	0	0
0	3	720	720
0	2	2415	2415
51019	0	0	0
0	3	744	744
0	2	2534	2534
0	30001	1	1
0	30006	1	1
51020	0	0	0
0	3	768	768
0	2	2660	2660
51021	0	0	0
0	3	792	792
0	2	2786	2786
0	30001	1	1
0	30006	1	1
51022	0	0	0
0	3	1360	1360
0	2	2926	2926
51023	0	0	0
0	3	1400	1400
0	2	3066	3066
0	30001	1	1
0	30006	1	1
51024	0	0	0
0	3	1400	1400
0	2	3220	3220
51025	0	0	0
0	3	1480	1480
0	2	3374	3374
0	30001	1	1
0	30006	1	1
51026	0	0	0
0	3	1520	1520
0	2	3542	3542
51027	0	0	0
0	3	1950	1950
0	2	3717	3717
0	30001	1	1
0	30006	1	1
51028	0	0	0
0	3	2000	2000
0	2	3906	3906
51029	0	0	0
0	3	2050	2050
0	2	4095	4095
0	30001	1	1
0	30006	1	1
51030	0	0	0
0	3	2100	2100
0	2	4298	4298
51031	0	0	0
0	3	2150	2150
0	2	4515	4515
0	30001	1	1
0	30006	1	1
51032	0	0	0
0	3	2464	2464
0	2	4739	4739
51033	0	0	0
0	3	2520	2520
0	2	4970	4970
0	30001	1	1
0	30006	1	1
51034	0	0	0
0	3	2576	2576
0	2	5222	5222
51035	0	0	0
0	3	2632	2632
0	2	5481	5481
0	30001	1	1
0	30006	1	1
51036	0	0	0
0	3	2688	2688
0	2	5754	5754
51037	0	0	0
0	3	3088	3088
0	2	6041	6041
0	30001	1	1
0	30006	1	1
51038	0	0	0
0	3	3150	3150
0	2	6042	6042
51039	0	0	0
0	3	3214	3214
0	2	6657	6657
0	30001	1	1
0	30006	1	1
51040	0	0	0
0	3	3276	3276
0	2	6986	6986
51041	0	0	0
0	3	3340	3340
0	2	7336	7336
0	30001	1	1
0	30006	1	1
51042	0	0	0
0	3	3780	3780
0	2	7693	7693
51043	0	0	0
0	3	3850	3850
0	2	8078	8078
0	30001	1	1
0	30006	1	1
51044	0	0	0
0	3	3920	3920
0	2	8477	8477
51045	0	0	0
0	3	3990	3990
0	2	8904	8904
0	30001	1	1
0	30006	1	1
51046	0	0	0
0	3	4060	4060
0	2	9345	9345
51047	0	0	0
0	3	4956	4956
0	2	9814	9814
0	30001	1	1
0	30006	1	1
51048	0	0	0
0	3	5040	5040
0	2	10304	10304
51049	0	0	0
0	3	5124	5124
0	2	10815	10815
0	30001	1	1
0	30006	1	1
51050	0	0	0
0	3	5208	5208
0	2	11354	11354
51051	0	0	0
0	3	3780	3780
0	2	11921	11921
0	30001	1	1
0	30006	1	1
51052	0	0	0
0	3	4479	4479
0	2	12516	12516
51053	0	0	0
0	3	4549	4549
0	2	13139	13139
0	30001	1	1
0	30006	1	1
51054	0	0	0
0	3	4620	4620
0	2	13797	13797
51055	0	0	0
0	3	4689	4689
0	2	14483	14483
0	30001	1	1
0	30006	1	1
51056	0	0	0
0	3	4759	4759
0	2	15204	15204
51057	0	0	0
0	3	5520	5520
0	2	15967	15967
0	30001	1	1
0	30006	1	1
51058	0	0	0
0	3	5599	5599
0	2	16765	16765
51059	0	0	0
0	3	5679	5679
0	2	17598	17598
0	30001	1	1
0	30006	1	1
51060	0	0	0
0	3	5760	5760
0	2	18480	18480
51061	0	0	0
0	3	5839	5839
0	2	19404	19404
0	30001	1	1
0	30006	1	1
51062	0	0	0
0	3	6660	6660
0	2	20370	20370
51063	0	0	0
0	3	6750	6750
0	2	21392	21392
0	30001	1	1
0	30006	1	1
51064	0	0	0
0	3	6840	6840
0	2	22456	22456
51065	0	0	0
0	3	6930	6930
0	2	23576	23576
0	30001	1	1
0	30006	1	1
51066	0	0	0
0	3	7020	7020
0	2	24752	24752
51067	0	0	0
0	3	7899	7899
0	2	25991	25991
0	30001	1	1
0	30006	1	1
51068	0	0	0
0	3	7999	7999
0	2	27286	27286
51069	0	0	0
0	3	8100	8100
0	2	28651	28651
0	30001	1	1
0	30006	1	1
51070	0	0	0
0	3	8199	8199
0	2	30079	30079
51071	0	0	0
0	3	8299	8299
0	2	31584	31584
0	30001	2	2
0	30006	1	1
51072	0	0	0
0	3	5760	5760
0	2	33159	33159
51073	0	0	0
0	3	5828	5828
0	2	34818	34818
0	30001	2	2
0	30006	1	1
51074	0	0	0
0	3	5897	5897
0	2	36554	36554
51075	0	0	0
0	3	5965	5965
0	2	38381	38381
0	30001	2	2
0	30006	1	1
51076	0	0	0
0	3	6034	6034
0	2	40299	40299
51077	0	0	0
0	3	7120	7120
0	2	42315	42315
0	30001	2	2
0	30006	1	1
51078	0	0	0
0	3	7200	7200
0	2	44429	44429
51079	0	0	0
0	3	7280	7280
0	2	46648	46648
0	30001	2	2
0	30006	1	1
51080	0	0	0
0	3	7360	7360
0	2	48979	48979
51081	0	0	0
0	3	7440	7440
0	2	51422	51422
0	30001	2	2
0	30006	1	1
51082	0	0	0
0	3	8594	8594
0	2	53991	53991
51083	0	0	0
0	3	8685	8685
0	2	56693	56693
0	30001	2	2
0	30006	1	1
51084	0	0	0
0	3	8777	8777
0	2	59521	59521
51085	0	0	0
0	3	8868	8868
0	2	62496	62496
0	30001	2	2
0	30006	1	1
51086	0	0	0
0	3	8960	8960
0	2	65618	65618
51087	0	0	0
0	3	11314	11314
0	2	68901	68901
0	30001	2	2
0	30006	1	1
51088	0	0	0
0	3	11428	11428
0	2	72345	72345
51089	0	0	0
0	3	11542	11542
0	2	75957	75957
0	30001	2	2
0	30006	1	1
51090	0	0	0
0	3	11657	11657
0	2	79758	79758
51091	0	0	0
0	3	11771	11771
0	2	83741	83741
0	30001	2	2
0	30006	1	1
51092	0	0	0
0	3	11771	11771
0	2	83741	83741
0	30001	1	1
0	30006	1	1
51093	0	0	0
0	3	11771	11771
0	2	83741	83741
51094	0	0	0
0	3	11771	11771
0	2	83741	83741
0	30001	1	1
0	30006	1	1
51095	0	0	0
0	3	11771	11771
0	2	83741	83741
51096	0	0	0
0	3	11771	11771
0	2	83741	83741
0	30001	1	1
0	30006	1	1
51097	0	0	0
0	3	11771	11771
0	2	83741	83741
51098	0	0	0
0	3	11771	11771
0	2	83741	83741
0	30001	1	1
0	30006	1	1
51099	0	0	0
0	3	11771	11771
0	2	83741	83741
51100	0	0	0
0	3	11771	11771
0	2	83741	83741
0	30001	1	1
0	30006	1	1
51101	0	0	0
0	3	11771	11771
0	2	83741	83741
51102	0	0	0
0	3	11771	11771
0	2	83741	83741
0	30001	1	1
0	30006	1	1
51103	0	0	0
0	3	11771	11771
0	2	83741	83741
51104	0	0	0
0	3	11771	11771
0	2	83741	83741
0	30001	1	1
0	30006	1	1
51105	0	0	0
0	3	11771	11771
0	2	83741	83741
51106	0	0	0
0	3	11771	11771
0	2	83741	83741
0	30001	1	1
0	30006	1	1
51107	0	0	0
0	3	11771	11771
0	2	83741	83741
51108	0	0	0
0	3	11771	11771
0	2	83741	83741
0	30001	1	1
0	30006	1	1
51109	0	0	0
0	3	11771	11771
0	2	83741	83741
51110	0	0	0
0	3	11771	11771
0	2	83741	83741
0	30001	1	1
0	30006	1	1
51111	0	0	0
0	3	11771	11771
0	2	83741	83741
51112	0	0	0
0	3	11771	11771
0	2	83741	83741
0	30001	1	1
0	30006	1	1
51501	0	0	0
0	3	100	100
0	2	406	406
51502	0	0	0
0	3	144	144
0	2	483	483
51503	0	0	0
0	3	150	150
0	2	546	546
51504	0	0	0
0	3	192	192
0	2	567	567
51505	0	0	0
0	3	180	180
0	2	623	623
51506	0	0	0
0	3	210	210
0	2	707	707
51507	0	0	0
0	3	312	312
0	2	889	889
51508	0	0	0
0	3	210	210
0	2	1113	1113
51509	0	0	0
0	3	380	380
0	2	1540	1540
51510	0	0	0
0	3	552	552
0	2	2247	2247
51511	0	0	0
0	3	550	550
0	2	3451	3451
51512	0	0	0
0	3	650	650
0	2	5572	5572
51513	0	0	0
0	3	120	120
0	2	2142	2142
51514	0	0	0
0	3	460	460
0	2	3451	3451
51515	0	0	0
0	3	990	990
0	2	5572	5572
51516	0	0	0
0	3	4770	4770
0	2	14665	14665
51517	0	0	0
0	3	80	80
0	2	2142	2142
51518	0	0	0
0	3	120	120
0	2	3451	3451
51519	0	0	0
0	3	240	240
0	2	5572	5572
51520	0	0	0
0	3	990	990
0	2	5572	5572
51521	0	0	0
0	3	2688	2688
0	2	9023	9023
51522	0	0	0
0	3	2668	2668
0	2	9023	9023
51523	0	0	0
0	3	4770	4770
0	2	14665	14665
51524	0	0	0
0	3	4770	4770
0	2	14665	14665
51525	0	0	0
0	3	6300	6300
0	2	23849	23849
51526	0	0	0
0	3	6300	6300
0	2	23849	23849
51527	0	0	0
0	3	9733	9733
0	2	38808	38808
51528	0	0	0
0	3	9733	9733
0	2	38808	38808
51529	0	0	0
0	3	11700	11700
0	2	49511	49511
51530	0	0	0
0	3	11700	11700
0	2	49511	49511
51531	0	0	0
0	3	11700	11700
0	2	49511	49511
52001	0	0	0
0	3	100	100
0	2	56	56
0	30001	1	1
0	30007	1	2
52002	0	0	0
0	3	100	100
0	2	56	56
0	30001	1	1
0	30007	1	2
52003	0	0	0
0	3	100	100
0	2	56	56
0	30019	1	2
0	30009	1	2
0	30006	1	1
0	30007	1	2
52004	0	0	0
0	3	100	100
0	2	57	57
0	30001	1	1
0	30007	1	2
52005	0	0	0
0	3	100	100
0	2	57	57
0	30001	1	1
0	30007	1	2
52006	0	0	0
0	3	100	100
0	2	57	57
0	30019	1	2
0	30009	1	2
0	30006	1	1
0	30007	1	2
52007	0	0	0
0	3	100	100
0	2	60	60
0	30001	1	1
0	30007	1	2
52008	0	0	0
0	3	100	100
0	2	60	60
0	30001	1	1
0	30007	1	2
52009	0	0	0
0	3	100	100
0	2	60	60
0	30019	1	2
0	30009	1	2
0	30006	1	1
0	30007	1	2
52010	0	0	0
0	3	100	100
0	2	62	62
0	30019	1	2
0	30009	1	2
0	30006	1	1
0	30007	1	2
52011	0	0	0
0	3	100	100
0	2	62	62
0	30006	1	1
0	30007	1	2
52012	0	0	0
0	3	100	100
0	2	62	62
0	30006	1	1
0	30007	1	2
52013	0	0	0
0	3	100	100
0	2	64	64
0	30019	1	2
0	30009	1	2
0	30006	1	1
0	30007	1	2
52014	0	0	0
0	3	100	100
0	2	64	64
0	30006	1	1
0	30007	1	2
52015	0	0	0
0	3	100	100
0	2	64	64
0	30006	1	1
0	30007	1	2
52016	0	0	0
0	3	100	100
0	2	67	67
0	30019	1	2
0	30009	1	2
0	30006	1	1
0	30007	1	2
52017	0	0	0
0	3	100	100
0	2	67	67
0	30006	1	1
0	30007	1	2
52018	0	0	0
0	3	100	100
0	2	67	67
0	30006	1	1
0	30007	1	2
52019	0	0	0
0	3	100	100
0	2	70	70
0	30019	1	2
0	30009	1	2
0	30006	1	1
0	30007	1	2
52020	0	0	0
0	3	100	100
0	2	70	70
0	30019	1	2
0	30009	1	2
0	30006	1	1
0	30007	1	2
52021	0	0	0
0	3	100	100
0	2	70	70
0	30006	1	1
0	30001	1	1
0	30007	1	2
52022	0	0	0
0	3	110	110
0	2	73	73
0	30006	1	1
0	30001	1	1
0	30007	1	2
52023	0	0	0
0	3	110	110
0	2	73	73
0	30006	1	1
0	30019	1	2
0	30009	1	2
0	30001	1	1
0	30007	1	2
52024	0	0	0
0	3	110	110
0	2	73	73
0	30006	1	1
0	30001	1	1
0	30007	1	2
52025	0	0	0
0	3	140	140
0	2	76	76
0	30006	1	1
0	30001	1	1
0	30007	1	2
52026	0	0	0
0	3	140	140
0	2	76	76
0	30006	1	1
0	30019	1	2
0	30009	1	2
0	30001	1	1
0	30007	1	2
52027	0	0	0
0	3	140	140
0	2	76	76
0	30006	1	1
0	30001	1	1
0	30007	1	2
52028	0	0	0
0	3	140	140
0	2	80	80
0	30006	1	1
0	30001	1	1
0	30007	1	2
52029	0	0	0
0	3	144	144
0	2	80	80
0	30006	1	1
0	30019	1	2
0	30009	1	2
0	30001	1	1
0	30007	1	2
52030	0	0	0
0	3	144	144
0	2	80	80
0	30006	1	1
0	30019	1	2
0	30009	1	2
0	30001	1	1
0	30007	1	2
52031	0	0	0
0	3	144	144
0	2	84	84
0	30001	1	1
0	30007	1	2
52032	0	0	0
0	3	150	150
0	2	84	84
0	30001	1	1
0	30007	1	2
52033	0	0	0
0	3	150	150
0	2	84	84
0	30006	1	1
0	30019	1	2
0	30009	1	2
0	30001	1	1
0	30007	1	2
52034	0	0	0
0	3	150	150
0	2	84	84
0	30001	1	1
0	30007	1	2
52035	0	0	0
0	3	150	150
0	2	87	87
0	30001	1	1
0	30007	1	2
52036	0	0	0
0	3	170	170
0	2	87	87
0	30006	1	1
0	30019	1	2
0	30009	1	2
0	30001	1	1
0	30007	1	2
52037	0	0	0
0	3	170	170
0	2	87	87
0	30001	1	1
0	30007	1	2
52038	0	0	0
0	3	170	170
0	2	87	87
0	30001	1	1
0	30007	1	2
52039	0	0	0
0	3	170	170
0	2	90	90
0	30006	1	1
0	30019	1	2
0	30009	1	2
0	30001	1	1
0	30007	1	2
52040	0	0	0
0	3	180	180
0	2	90	90
0	30006	1	1
0	30019	1	2
0	30009	1	2
0	30001	1	1
0	30007	1	2
52041	0	0	0
0	3	180	180
0	2	90	90
0	30006	1	1
0	30007	1	2
52042	0	0	0
0	3	180	180
0	2	90	90
0	30006	1	1
0	30007	1	2
52043	0	0	0
0	3	180	180
0	2	95	95
0	30019	1	2
0	30009	1	2
0	30006	1	1
0	30007	1	2
52044	0	0	0
0	3	192	192
0	2	95	95
0	30006	1	1
0	30007	1	2
52045	0	0	0
0	3	192	192
0	2	95	95
0	30006	1	1
0	30007	1	2
52046	0	0	0
0	3	192	192
0	2	95	95
0	30019	1	2
0	30009	1	2
0	30006	1	1
0	30007	1	2
52047	0	0	0
0	3	192	192
0	2	99	99
0	30006	1	1
0	30007	1	2
52048	0	0	0
0	3	195	195
0	2	99	99
0	30006	1	1
0	30007	1	2
52049	0	0	0
0	3	195	195
0	2	99	99
0	30019	1	2
0	30009	1	2
0	30006	1	1
0	30007	1	2
52050	0	0	0
0	3	195	195
0	2	99	99
0	30019	1	2
0	30009	1	2
0	30006	1	1
0	30007	1	2
52051	0	0	0
0	3	200	200
0	2	104	104
0	30006	1	1
0	30001	1	1
0	30007	1	2
52052	0	0	0
0	3	200	200
0	2	104	104
0	30006	1	1
0	30001	1	1
0	30007	1	2
52053	0	0	0
0	3	200	200
0	2	104	104
0	30006	1	1
0	30019	1	2
0	30009	1	2
0	30001	1	1
0	30007	1	2
52054	0	0	0
0	3	200	200
0	2	104	104
0	30006	1	1
0	30001	1	1
0	30007	1	2
52055	0	0	0
0	3	210	210
0	2	108	108
0	30006	1	1
0	30001	1	1
0	30007	1	2
52056	0	0	0
0	3	210	210
0	2	108	108
0	30006	1	1
0	30019	1	2
0	30009	1	2
0	30001	1	1
0	30007	1	2
52057	0	0	0
0	3	210	210
0	2	108	108
0	30006	1	1
0	30001	1	1
0	30007	1	2
52058	0	0	0
0	3	210	210
0	2	108	108
0	30006	1	1
0	30001	1	1
0	30007	1	2
52059	0	0	0
0	3	228	228
0	2	112	112
0	30006	1	1
0	30019	1	2
0	30009	1	2
0	30001	1	1
0	30007	1	2
52060	0	0	0
0	3	228	228
0	2	112	112
0	30006	1	1
0	30019	1	2
0	30009	1	2
0	30001	1	1
0	30007	1	2
52061	0	0	0
0	3	228	228
0	2	112	112
0	30001	1	1
0	30007	1	2
52062	0	0	0
0	3	228	228
0	2	112	112
0	30001	1	1
0	30007	1	2
52063	0	0	0
0	3	240	240
0	2	118	118
0	30006	1	1
0	30019	1	2
0	30009	1	2
0	30001	1	1
0	30007	1	2
52064	0	0	0
0	3	240	240
0	2	118	118
0	30001	1	1
0	30007	1	2
52065	0	0	0
0	3	240	240
0	2	118	118
0	30001	1	1
0	30007	1	2
52066	0	0	0
0	3	240	240
0	2	118	118
0	30006	1	1
0	30019	1	2
0	30009	1	2
0	30001	1	1
0	30007	1	2
52067	0	0	0
0	3	250	250
0	2	124	124
0	30001	1	1
0	30007	1	2
52068	0	0	0
0	3	250	250
0	2	124	124
0	30001	1	1
0	30007	1	2
52069	0	0	0
0	3	250	250
0	2	124	124
0	30006	1	1
0	30019	1	2
0	30009	1	2
0	30001	1	1
0	30007	1	2
52070	0	0	0
0	3	250	250
0	2	124	124
0	30006	1	1
0	30019	1	2
0	30009	1	2
0	30001	1	1
0	30007	1	2
52071	0	0	0
0	3	264	264
0	2	129	129
0	30006	1	1
0	30007	1	2
52072	0	0	0
0	3	264	264
0	2	129	129
0	30006	1	1
0	30007	1	2
52073	0	0	0
0	3	264	264
0	2	129	129
0	30019	1	2
0	30009	1	2
0	30006	1	1
0	30007	1	2
52074	0	0	0
0	3	264	264
0	2	129	129
0	30006	1	1
0	30007	1	2
52075	0	0	0
0	3	270	270
0	2	135	135
0	30006	1	1
0	30007	1	2
52076	0	0	0
0	3	270	270
0	2	135	135
0	30019	1	2
0	30009	1	2
0	30006	1	1
0	30007	1	2
52077	0	0	0
0	3	270	270
0	2	135	135
0	30006	1	1
0	30007	1	2
52078	0	0	0
0	3	270	270
0	2	135	135
0	30006	1	1
0	30007	1	2
52079	0	0	0
0	3	280	280
0	2	141	141
0	30019	1	2
0	30009	1	2
0	30006	1	1
0	30007	1	2
52080	0	0	0
0	3	280	280
0	2	141	141
0	30019	1	2
0	30009	1	2
0	30006	1	1
0	30007	1	2
52081	0	0	0
0	3	280	280
0	2	141	141
0	30001	1	1
0	30007	1	2
52082	0	0	0
0	3	280	280
0	2	141	141
0	30001	1	1
0	30007	1	2
52083	0	0	0
0	3	300	300
0	2	148	148
0	30006	1	1
0	30019	1	2
0	30009	1	2
0	30001	1	1
0	30007	1	2
52084	0	0	0
0	3	300	300
0	2	148	148
0	30001	1	1
0	30007	1	2
52085	0	0	0
0	3	300	300
0	2	148	148
0	30001	1	1
0	30007	1	2
52086	0	0	0
0	3	300	300
0	2	148	148
0	30006	1	1
0	30019	1	2
0	30009	1	2
0	30001	1	1
0	30007	1	2
52087	0	0	0
0	3	310	310
0	2	155	155
0	30001	1	1
0	30007	1	2
52088	0	0	0
0	3	310	310
0	2	155	155
0	30001	1	1
0	30007	1	2
52089	0	0	0
0	3	310	310
0	2	155	155
0	30006	1	1
0	30019	1	2
0	30009	1	2
0	30001	1	1
0	30007	1	2
52090	0	0	0
0	3	310	310
0	2	155	155
0	30006	1	1
0	30019	1	2
0	30009	1	2
0	30001	1	1
0	30007	1	2
52091	0	0	0
0	3	312	312
0	2	162	162
0	30001	1	1
0	30007	1	2
52092	0	0	0
0	3	312	312
0	2	162	162
0	30001	1	1
0	30007	1	2
52093	0	0	0
0	3	312	312
0	2	162	162
0	30006	1	1
0	30019	1	2
0	30009	1	2
0	30001	1	1
0	30007	1	2
52094	0	0	0
0	3	312	312
0	2	162	162
0	30001	1	1
0	30007	1	2
52095	0	0	0
0	3	340	340
0	2	169	169
0	30001	1	1
0	30007	1	2
52096	0	0	0
0	3	340	340
0	2	169	169
0	30006	1	1
0	30019	1	2
0	30009	1	2
0	30001	1	1
0	30007	1	2
52097	0	0	0
0	3	340	340
0	2	169	169
0	30001	1	1
0	30007	1	2
52098	0	0	0
0	3	340	340
0	2	169	169
0	30001	1	1
0	30007	1	2
52099	0	0	0
0	3	345	345
0	2	177	177
0	30006	1	1
0	30019	1	2
0	30009	1	2
0	30001	1	1
0	30007	1	2
52100	0	0	0
0	3	345	345
0	2	177	177
0	30006	1	1
0	30019	1	2
0	30009	1	2
0	30001	1	1
0	30007	1	2
52101	0	0	0
0	3	345	345
0	2	177	177
0	30006	1	1
0	30007	1	2
52102	0	0	0
0	3	345	345
0	2	177	177
0	30006	1	1
0	30007	1	2
52103	0	0	0
0	3	348	348
0	2	177	177
0	30019	1	2
0	30009	1	2
0	30006	1	1
0	30007	1	2
52104	0	0	0
0	3	348	348
0	2	177	177
0	30006	1	1
0	30007	1	2
52105	0	0	0
0	3	348	348
0	2	177	177
0	30006	1	1
0	30007	1	2
52106	0	0	0
0	3	348	348
0	2	177	177
0	30019	1	2
0	30009	1	2
0	30006	1	1
0	30007	1	2
52107	0	0	0
0	3	350	350
0	2	185	185
0	30006	1	1
0	30007	1	2
52108	0	0	0
0	3	350	350
0	2	185	185
0	30006	1	1
0	30007	1	2
52109	0	0	0
0	3	350	350
0	2	185	185
0	30019	1	2
0	30009	1	2
0	30006	1	1
0	30007	1	2
52110	0	0	0
0	3	350	350
0	2	185	185
0	30019	1	2
0	30009	1	2
0	30006	1	1
0	30007	1	2
52111	0	0	0
0	3	370	370
0	2	185	185
0	30001	1	1
0	30007	1	2
52112	0	0	0
0	3	370	370
0	2	185	185
0	30001	1	1
0	30007	1	2
52113	0	0	0
0	3	370	370
0	2	185	185
0	30006	1	1
0	30019	1	2
0	30009	1	2
0	30001	1	1
0	30007	1	2
52114	0	0	0
0	3	370	370
0	2	185	185
0	30001	1	1
0	30007	1	2
52115	0	0	0
0	3	380	380
0	2	185	185
0	30001	1	1
0	30007	1	2
52116	0	0	0
0	3	380	380
0	2	185	185
0	30006	1	1
0	30019	1	2
0	30009	1	2
0	30001	1	1
0	30007	1	2
52117	0	0	0
0	3	380	380
0	2	185	185
0	30001	1	1
0	30007	1	2
52118	0	0	0
0	3	380	380
0	2	185	185
0	30001	1	1
0	30007	1	2
52119	0	0	0
0	3	384	384
0	2	185	185
0	30006	1	1
0	30019	1	2
0	30009	1	2
0	30001	1	1
0	30007	1	2
52120	0	0	0
0	3	384	384
0	2	185	185
0	30006	1	1
0	30019	1	2
0	30009	1	2
0	30001	1	1
0	30007	1	2
52121	0	0	0
0	3	384	384
0	2	185	185
0	30001	1	1
0	30007	1	2
52122	0	0	0
0	3	384	384
0	2	185	185
0	30001	1	1
0	30007	1	2
52123	0	0	0
0	3	400	400
0	2	191	191
0	30006	1	1
0	30019	1	2
0	30009	1	2
0	30001	1	1
0	30007	1	2
52124	0	0	0
0	3	400	400
0	2	191	191
0	30001	1	1
0	30007	1	2
52125	0	0	0
0	3	400	400
0	2	191	191
0	30001	1	1
0	30007	1	2
52126	0	0	0
0	3	400	400
0	2	191	191
0	30006	1	1
0	30019	1	2
0	30009	1	2
0	30001	1	1
0	30007	1	2
52127	0	0	0
0	3	410	410
0	2	191	191
0	30001	1	1
0	30007	1	2
52128	0	0	0
0	3	410	410
0	2	191	191
0	30001	1	1
0	30007	1	2
52129	0	0	0
0	3	410	410
0	2	191	191
0	30006	1	1
0	30019	1	2
0	30009	1	2
0	30001	1	1
0	30007	1	2
52130	0	0	0
0	3	410	410
0	2	191	191
0	30006	1	1
0	30019	1	2
0	30009	1	2
0	30001	1	1
0	30007	1	2
52131	0	0	0
0	3	432	432
0	2	193	193
0	30006	1	1
0	30007	1	2
52132	0	0	0
0	3	432	432
0	2	193	193
0	30006	1	1
0	30007	1	2
52133	0	0	0
0	3	432	432
0	2	193	193
0	30019	1	2
0	30009	1	2
0	30006	1	1
0	30007	1	2
52134	0	0	0
0	3	432	432
0	2	193	193
0	30006	1	1
0	30007	1	2
52135	0	0	0
0	3	440	440
0	2	202	202
0	30006	1	1
0	30007	1	2
52136	0	0	0
0	3	440	440
0	2	202	202
0	30019	1	2
0	30009	1	2
0	30006	1	1
0	30007	1	2
52137	0	0	0
0	3	440	440
0	2	202	202
0	30006	1	1
0	30007	1	2
52138	0	0	0
0	3	440	440
0	2	202	202
0	30006	1	1
0	30007	1	2
52139	0	0	0
0	3	450	450
0	2	213	213
0	30019	1	2
0	30009	1	2
0	30006	1	1
0	30007	1	2
52140	0	0	0
0	3	450	450
0	2	213	213
0	30019	1	2
0	30009	1	2
0	30006	1	1
0	30007	1	2
52141	0	0	0
0	3	450	450
0	2	213	213
0	30001	1	1
0	30007	1	2
52142	0	0	0
0	3	450	450
0	2	213	213
0	30001	1	1
0	30007	1	2
52143	0	0	0
0	3	468	468
0	2	213	213
0	30006	1	1
0	30019	1	2
0	30009	1	2
0	30001	1	1
0	30007	1	2
52144	0	0	0
0	3	468	468
0	2	213	213
0	30001	1	1
0	30007	1	2
52145	0	0	0
0	3	468	468
0	2	213	213
0	30001	1	1
0	30007	1	2
52146	0	0	0
0	3	468	468
0	2	213	213
0	30006	1	1
0	30019	1	2
0	30009	1	2
0	30001	1	1
0	30007	1	2
52147	0	0	0
0	3	470	470
0	2	213	213
0	30001	1	1
0	30007	1	2
52148	0	0	0
0	3	470	470
0	2	213	213
0	30001	1	1
0	30007	1	2
52149	0	0	0
0	3	470	470
0	2	213	213
0	30006	1	1
0	30019	1	2
0	30009	1	2
0	30001	1	1
0	30007	1	2
52150	0	0	0
0	3	470	470
0	2	213	213
0	30006	1	1
0	30019	1	2
0	30009	1	2
0	30001	1	1
0	30007	1	2
52151	0	0	0
0	3	480	480
0	2	224	224
0	30001	1	1
0	30007	1	2
52152	0	0	0
0	3	480	480
0	2	224	224
0	30001	1	1
0	30007	1	2
52153	0	0	0
0	3	480	480
0	2	224	224
0	30006	1	1
0	30019	1	2
0	30009	1	2
0	30001	1	1
0	30007	1	2
52154	0	0	0
0	3	480	480
0	2	224	224
0	30001	1	1
0	30007	1	2
52155	0	0	0
0	3	495	495
0	2	224	224
0	30001	1	1
0	30007	1	2
52156	0	0	0
0	3	495	495
0	2	224	224
0	30006	1	1
0	30019	1	2
0	30009	1	2
0	30001	1	1
0	30007	1	2
52157	0	0	0
0	3	495	495
0	2	224	224
0	30001	1	1
0	30007	1	2
52158	0	0	0
0	3	495	495
0	2	224	224
0	30001	1	1
0	30007	1	2
52159	0	0	0
0	3	500	500
0	2	224	224
0	30006	1	1
0	30019	1	2
0	30009	1	2
0	30001	1	1
0	30007	1	2
52160	0	0	0
0	3	500	500
0	2	224	224
0	30006	1	1
0	30019	1	2
0	30009	1	2
0	30001	1	1
0	30007	1	2
52161	0	0	0
0	3	500	500
0	2	224	224
0	30006	1	1
0	30007	1	2
52162	0	0	0
0	3	500	500
0	2	224	224
0	30006	1	1
0	30007	1	2
52163	0	0	0
0	3	504	504
0	2	224	224
0	30019	1	2
0	30009	1	2
0	30006	1	1
0	30007	1	2
52164	0	0	0
0	3	504	504
0	2	224	224
0	30006	1	1
0	30007	1	2
52165	0	0	0
0	3	504	504
0	2	224	224
0	30006	1	1
0	30007	1	2
52166	0	0	0
0	3	504	504
0	2	224	224
0	30019	1	2
0	30009	1	2
0	30006	1	1
0	30007	1	2
52167	0	0	0
0	3	510	510
0	2	224	224
0	30006	1	1
0	30007	1	2
52168	0	0	0
0	3	510	510
0	2	224	224
0	30006	1	1
0	30007	1	2
52169	0	0	0
0	3	510	510
0	2	224	224
0	30019	1	2
0	30009	1	2
0	30006	1	1
0	30007	1	2
52170	0	0	0
0	3	510	510
0	2	224	224
0	30019	1	2
0	30009	1	2
0	30006	1	1
0	30007	1	2
52171	0	0	0
0	3	540	540
0	2	233	233
0	30001	1	1
0	30007	1	2
52172	0	0	0
0	3	540	540
0	2	233	233
0	30001	1	1
0	30007	1	2
52173	0	0	0
0	3	540	540
0	2	233	233
0	30006	1	1
0	30019	1	2
0	30009	1	2
0	30001	1	1
0	30007	1	2
52174	0	0	0
0	3	540	540
0	2	233	233
0	30001	1	1
0	30007	1	2
52175	0	0	0
0	3	540	540
0	2	233	233
0	30001	1	1
0	30007	1	2
52176	0	0	0
0	3	550	550
0	2	233	233
0	30006	1	1
0	30019	1	2
0	30009	1	2
0	30001	1	1
0	30007	1	2
52177	0	0	0
0	3	550	550
0	2	233	233
0	30001	1	1
0	30007	1	2
52178	0	0	0
0	3	550	550
0	2	233	233
0	30001	1	1
0	30007	1	2
52179	0	0	0
0	3	550	550
0	2	233	233
0	30006	1	1
0	30019	1	2
0	30009	1	2
0	30001	1	1
0	30007	1	2
52180	0	0	0
0	3	550	550
0	2	233	233
0	30006	1	1
0	30019	1	2
0	30009	1	2
0	30001	1	1
0	30007	1	2
52181	0	0	0
0	3	552	552
0	2	256	256
0	30001	1	1
0	30007	1	2
52182	0	0	0
0	3	552	552
0	2	256	256
0	30001	1	1
0	30007	1	2
52183	0	0	0
0	3	552	552
0	2	256	256
0	30006	1	1
0	30019	1	2
0	30009	1	2
0	30001	1	1
0	30007	1	2
52184	0	0	0
0	3	552	552
0	2	256	256
0	30001	1	1
0	30007	1	2
52185	0	0	0
0	3	570	570
0	2	256	256
0	30001	1	1
0	30007	1	2
52186	0	0	0
0	3	570	570
0	2	256	256
0	30001	1	1
0	30007	1	2
0	30006	1	1
0	30007	1	2
52187	0	0	0
0	3	570	570
0	2	256	256
0	30001	1	1
0	30007	1	2
52188	0	0	0
0	3	570	570
0	2	256	256
0	30001	1	1
0	30007	1	2
52189	0	0	0
0	3	570	570
0	2	256	256
0	30006	1	1
0	30019	1	2
0	30009	1	2
0	30001	1	1
0	30007	1	2
52190	0	0	0
0	3	580	580
0	2	256	256
0	30006	1	1
0	30019	1	2
0	30009	1	2
0	30001	1	1
0	30007	1	2
52191	0	0	0
0	3	580	580
0	2	263	263
0	30006	1	1
0	30007	1	2
52192	0	0	0
0	3	580	580
0	2	263	263
0	30006	1	1
0	30007	1	2
52193	0	0	0
0	3	580	580
0	2	263	263
0	30019	1	2
0	30009	1	2
0	30006	1	1
0	30007	1	2
52194	0	0	0
0	3	580	580
0	2	263	263
0	30006	1	1
0	30007	1	2
52195	0	0	0
0	3	588	588
0	2	263	263
0	30006	1	1
0	30007	1	2
52196	0	0	0
0	3	588	588
0	2	263	263
0	30019	1	2
0	30009	1	2
0	30006	1	1
0	30007	1	2
52197	0	0	0
0	3	588	588
0	2	263	263
0	30006	1	1
0	30007	1	2
52198	0	0	0
0	3	588	588
0	2	263	263
0	30006	1	1
0	30007	1	2
52199	0	0	0
0	3	600	600
0	2	263	263
0	30019	1	2
0	30009	1	2
0	30006	1	1
0	30007	1	2
52200	0	0	0
0	3	600	600
0	2	263	263
0	30019	1	2
0	30009	1	2
0	30006	1	1
0	30007	1	2
52201	0	0	0
0	3	600	600
0	2	263	263
0	30001	1	1
0	30007	1	2
52202	0	0	0
0	3	600	600
0	2	263	263
0	30001	1	1
0	30007	1	2
52203	0	0	0
0	3	600	600
0	2	263	263
0	30006	1	1
0	30019	1	2
0	30009	1	2
0	30001	1	1
0	30007	1	2
52204	0	0	0
0	3	610	610
0	2	263	263
0	30001	1	1
0	30007	1	2
52205	0	0	0
0	3	610	610
0	2	263	263
0	30001	1	1
0	30007	1	2
52206	0	0	0
0	3	610	610
0	2	263	263
0	30006	1	1
0	30019	1	2
0	30009	1	2
0	30001	1	1
0	30007	1	2
52207	0	0	0
0	3	610	610
0	2	263	263
0	30001	1	1
0	30007	1	2
52208	0	0	0
0	3	610	610
0	2	263	263
0	30001	1	1
0	30007	1	2
52209	0	0	0
0	3	624	624
0	2	263	263
0	30006	1	1
0	30019	1	2
0	30009	1	2
0	30001	1	1
0	30007	1	2
52210	0	0	0
0	3	624	624
0	2	263	263
0	30006	1	1
0	30019	1	2
0	30009	1	2
0	30001	1	1
0	30007	1	2
52211	0	0	0
0	3	624	624
0	2	278	278
0	30001	1	1
0	30007	1	2
52212	0	0	0
0	3	624	624
0	2	278	278
0	30001	1	1
0	30007	1	2
52213	0	0	0
0	3	640	640
0	2	278	278
0	30006	1	1
0	30019	1	2
0	30009	1	2
0	30001	1	1
0	30007	1	2
52214	0	0	0
0	3	640	640
0	2	278	278
0	30001	1	1
0	30007	1	2
52215	0	0	0
0	3	640	640
0	2	278	278
0	30001	1	1
0	30007	1	2
52216	0	0	0
0	3	640	640
0	2	278	278
0	30006	1	1
0	30019	1	2
0	30009	1	2
0	30001	1	1
0	30007	1	2
52217	0	0	0
0	3	640	640
0	2	278	278
0	30001	1	1
0	30007	1	2
52218	0	0	0
0	3	645	645
0	2	278	278
0	30001	1	1
0	30007	1	2
52219	0	0	0
0	3	645	645
0	2	278	278
0	30006	1	1
0	30019	1	2
0	30009	1	2
0	30001	1	1
0	30007	1	2
52220	0	0	0
0	3	645	645
0	2	278	278
0	30006	1	1
0	30019	1	2
0	30009	1	2
0	30001	1	1
0	30007	1	2
52221	0	0	0
0	3	645	645
0	2	278	278
0	30006	1	1
0	30007	1	2
52222	0	0	0
0	3	650	650
0	2	278	278
0	30006	1	1
0	30007	1	2
52223	0	0	0
0	3	650	650
0	2	278	278
0	30019	1	2
0	30009	1	2
0	30006	1	1
0	30007	1	2
52224	0	0	0
0	3	650	650
0	2	278	278
0	30006	1	1
0	30007	1	2
52225	0	0	0
0	3	650	650
0	2	278	278
0	30006	1	1
0	30007	1	2
52226	0	0	0
0	3	650	650
0	2	278	278
0	30019	1	2
0	30009	1	2
0	30006	1	1
0	30007	1	2
52227	0	0	0
0	3	670	670
0	2	278	278
0	30006	1	1
0	30007	1	2
52228	0	0	0
0	3	670	670
0	2	278	278
0	30006	1	1
0	30007	1	2
52229	0	0	0
0	3	670	670
0	2	278	278
0	30019	1	2
0	30009	1	2
0	30006	1	1
0	30007	1	2
52230	0	0	0
0	3	670	670
0	2	278	278
0	30019	1	2
0	30009	1	2
0	30006	1	1
0	30007	1	2
52231	0	0	0
0	3	670	670
0	2	289	289
0	30001	1	1
0	30007	1	2
52232	0	0	0
0	3	672	672
0	2	289	289
0	30001	1	1
0	30007	1	2
52233	0	0	0
0	3	672	672
0	2	289	289
0	30006	1	1
0	30019	1	2
0	30009	1	2
0	30001	1	1
0	30007	1	2
52234	0	0	0
0	3	672	672
0	2	289	289
0	30001	1	1
0	30007	1	2
52235	0	0	0
0	3	672	672
0	2	289	289
0	30001	1	1
0	30007	1	2
52236	0	0	0
0	3	672	672
0	2	303	303
0	30006	1	1
0	30019	1	2
0	30009	1	2
0	30001	1	1
0	30007	1	2
52237	0	0	0
0	3	680	680
0	2	303	303
0	30001	1	1
0	30007	1	2
52238	0	0	0
0	3	680	680
0	2	303	303
0	30001	1	1
0	30007	1	2
52239	0	0	0
0	3	680	680
0	2	303	303
0	30006	1	1
0	30019	1	2
0	30009	1	2
0	30001	1	1
0	30007	1	2
52240	0	0	0
0	3	680	680
0	2	303	303
0	30006	1	1
0	30019	1	2
0	30009	1	2
0	30001	1	1
0	30007	1	2
52241	0	0	0
0	3	680	680
0	2	303	303
0	30001	1	1
0	30007	1	2
52242	0	0	0
0	3	700	700
0	2	303	303
0	30001	1	1
0	30007	1	2
52243	0	0	0
0	3	700	700
0	2	303	303
0	30006	1	1
0	30019	1	2
0	30009	1	2
0	30001	1	1
0	30007	1	2
52244	0	0	0
0	3	700	700
0	2	303	303
0	30001	1	1
0	30007	1	2
52245	0	0	0
0	3	700	700
0	2	303	303
0	30001	1	1
0	30007	1	2
52246	0	0	0
0	3	700	700
0	2	303	303
0	30006	1	1
0	30019	1	2
0	30009	1	2
0	30001	1	1
0	30007	1	2
52247	0	0	0
0	3	708	708
0	2	303	303
0	30001	1	1
0	30007	1	2
52248	0	0	0
0	3	708	708
0	2	303	303
0	30001	1	1
0	30007	1	2
52249	0	0	0
0	3	708	708
0	2	303	303
0	30006	1	1
0	30019	1	2
0	30009	1	2
0	30001	1	1
0	30007	1	2
52250	0	0	0
0	3	708	708
0	2	303	303
0	30006	1	1
0	30019	1	2
0	30009	1	2
0	30001	1	1
0	30007	1	2
52251	0	0	0
0	3	708	708
0	2	303	303
0	30006	1	1
0	30007	1	2
52252	0	0	0
0	3	710	710
0	2	303	303
0	30006	1	1
0	30007	1	2
52253	0	0	0
0	3	710	710
0	2	303	303
0	30019	1	2
0	30009	1	2
0	30006	1	1
0	30007	1	2
52254	0	0	0
0	3	710	710
0	2	303	303
0	30006	1	1
0	30007	1	2
52255	0	0	0
0	3	710	710
0	2	303	303
0	30006	1	1
0	30007	1	2
52256	0	0	0
0	3	710	710
0	2	306	306
0	30019	1	2
0	30009	1	2
0	30006	1	1
0	30007	1	2
52257	0	0	0
0	3	740	740
0	2	306	306
0	30006	1	1
0	30007	1	2
52258	0	0	0
0	3	740	740
0	2	306	306
0	30006	1	1
0	30007	1	2
52259	0	0	0
0	3	740	740
0	2	306	306
0	30019	1	2
0	30009	1	2
0	30006	1	1
0	30007	1	2
52260	0	0	0
0	3	740	740
0	2	306	306
0	30019	1	2
0	30009	1	2
0	30006	1	1
0	30007	1	2
52261	0	0	0
0	3	740	740
0	2	321	321
0	30001	1	1
0	30007	1	2
52262	0	0	0
0	3	744	744
0	2	321	321
0	30001	1	1
0	30007	1	2
52263	0	0	0
0	3	744	744
0	2	321	321
0	30006	1	1
0	30019	1	2
0	30009	1	2
0	30001	1	1
0	30007	1	2
52264	0	0	0
0	3	744	744
0	2	321	321
0	30001	1	1
0	30007	1	2
52265	0	0	0
0	3	744	744
0	2	321	321
0	30001	1	1
0	30007	1	2
52266	0	0	0
0	3	744	744
0	2	337	337
0	30006	1	1
0	30019	1	2
0	30009	1	2
0	30001	1	1
0	30007	1	2
52267	0	0	0
0	3	750	750
0	2	337	337
0	30001	1	1
0	30007	1	2
52268	0	0	0
0	3	750	750
0	2	337	337
0	30001	1	1
0	30007	1	2
52269	0	0	0
0	3	750	750
0	2	337	337
0	30006	1	1
0	30019	1	2
0	30009	1	2
0	30001	1	1
0	30007	1	2
52270	0	0	0
0	3	750	750
0	2	337	337
0	30006	1	1
0	30019	1	2
0	30009	1	2
0	30001	1	1
0	30007	1	2
52271	0	0	0
0	3	750	750
0	2	354	354
0	30001	1	1
0	30007	1	2
52272	0	0	0
0	3	770	770
0	2	354	354
0	30001	1	1
0	30007	1	2
52273	0	0	0
0	3	770	770
0	2	354	354
0	30006	1	1
0	30019	1	2
0	30009	1	2
0	30001	1	1
0	30007	1	2
52274	0	0	0
0	3	770	770
0	2	354	354
0	30001	1	1
0	30007	1	2
52275	0	0	0
0	3	770	770
0	2	354	354
0	30001	1	1
0	30007	1	2
52276	0	0	0
0	3	770	770
0	2	371	371
0	30006	1	1
0	30019	1	2
0	30009	1	2
0	30001	1	1
0	30007	1	2
52277	0	0	0
0	3	780	780
0	2	371	371
0	30001	1	1
0	30007	1	2
52278	0	0	0
0	3	780	780
0	2	371	371
0	30001	1	1
0	30007	1	2
52279	0	0	0
0	3	780	780
0	2	371	371
0	30006	1	1
0	30019	1	2
0	30009	1	2
0	30001	1	1
0	30007	1	2
52280	0	0	0
0	3	780	780
0	2	371	371
0	30006	1	1
0	30019	1	2
0	30009	1	2
0	30001	1	1
0	30007	1	2
52281	0	0	0
0	3	780	780
0	2	390	390
0	30006	1	1
0	30007	1	2
52282	0	0	0
0	3	792	792
0	2	390	390
0	30006	1	1
0	30007	1	2
52283	0	0	0
0	3	792	792
0	2	390	390
0	30019	1	2
0	30009	1	2
0	30006	1	1
0	30007	1	2
52284	0	0	0
0	3	792	792
0	2	390	390
0	30006	1	1
0	30007	1	2
52285	0	0	0
0	3	792	792
0	2	390	390
0	30006	1	1
0	30007	1	2
52286	0	0	0
0	3	792	792
0	2	409	409
0	30019	1	2
0	30009	1	2
0	30006	1	1
0	30007	1	2
52287	0	0	0
0	3	795	795
0	2	409	409
0	30006	1	1
0	30007	1	2
52288	0	0	0
0	3	795	795
0	2	409	409
0	30006	1	1
0	30007	1	2
52289	0	0	0
0	3	795	795
0	2	409	409
0	30019	1	2
0	30009	1	2
0	30006	1	1
0	30007	1	2
52290	0	0	0
0	3	795	795
0	2	409	409
0	30019	1	2
0	30009	1	2
0	30006	1	1
0	30007	1	2
52291	0	0	0
0	3	800	800
0	2	429	429
0	30001	1	1
0	30007	1	2
52292	0	0	0
0	3	800	800
0	2	429	429
0	30001	1	1
0	30007	1	2
52293	0	0	0
0	3	800	800
0	2	429	429
0	30006	1	1
0	30019	1	2
0	30009	1	2
0	30001	1	1
0	30007	1	2
52294	0	0	0
0	3	800	800
0	2	429	429
0	30001	1	1
0	30007	1	2
52295	0	0	0
0	3	800	800
0	2	429	429
0	30001	1	1
0	30007	1	2
52296	0	0	0
0	3	810	810
0	2	451	451
0	30006	1	1
0	30019	1	2
0	30009	1	2
0	30001	1	1
0	30007	1	2
52297	0	0	0
0	3	810	810
0	2	451	451
0	30001	1	1
0	30007	1	2
52298	0	0	0
0	3	810	810
0	2	451	451
0	30001	1	1
0	30007	1	2
52299	0	0	0
0	3	810	810
0	2	451	451
0	30006	1	1
0	30019	1	2
0	30009	1	2
0	30001	1	1
0	30007	1	2
52300	0	0	0
0	3	810	810
0	2	451	451
0	30006	1	1
0	30019	1	2
0	30009	1	2
0	30001	1	1
0	30007	1	2
52301	0	0	0
0	3	828	828
0	2	451	451
0	30001	1	1
0	30007	1	2
52302	0	0	0
0	3	828	828
0	2	451	451
0	30001	1	1
0	30007	1	2
52303	0	0	0
0	3	828	828
0	2	451	451
0	30006	1	1
0	30019	1	2
0	30009	1	2
0	30001	1	1
0	30007	1	2
52304	0	0	0
0	3	828	828
0	2	451	451
0	30001	1	1
0	30007	1	2
52305	0	0	0
0	3	828	828
0	2	451	451
0	30001	1	1
0	30007	1	2
52306	0	0	0
0	3	840	840
0	2	451	451
0	30006	1	1
0	30019	1	2
0	30009	1	2
0	30001	1	1
0	30007	1	2
52307	0	0	0
0	3	840	840
0	2	451	451
0	30001	1	1
0	30007	1	2
52308	0	0	0
0	3	840	840
0	2	451	451
0	30001	1	1
0	30007	1	2
52309	0	0	0
0	3	840	840
0	2	451	451
0	30006	1	1
0	30019	1	2
0	30009	1	2
0	30001	1	1
0	30007	1	2
52310	0	0	0
0	3	840	840
0	2	451	451
0	30006	1	1
0	30019	1	2
0	30009	1	2
0	30001	1	1
0	30007	1	2
52311	0	0	0
0	3	850	850
0	2	451	451
0	30006	1	1
0	30007	1	2
52312	0	0	0
0	3	850	850
0	2	451	451
0	30006	1	1
0	30007	1	2
52313	0	0	0
0	3	850	850
0	2	451	451
0	30019	1	2
0	30009	1	2
0	30006	1	1
0	30007	1	2
52314	0	0	0
0	3	850	850
0	2	451	451
0	30006	1	1
0	30007	1	2
52315	0	0	0
0	3	850	850
0	2	451	451
0	30006	1	1
0	30007	1	2
52316	0	0	0
0	3	864	864
0	2	460	460
0	30019	1	2
0	30009	1	2
0	30006	1	1
0	30007	1	2
52317	0	0	0
0	3	864	864
0	2	460	460
0	30006	1	1
0	30007	1	2
52318	0	0	0
0	3	864	864
0	2	460	460
0	30006	1	1
0	30007	1	2
52319	0	0	0
0	3	864	864
0	2	460	460
0	30019	1	2
0	30009	1	2
0	30006	1	1
0	30007	1	2
52320	0	0	0
0	3	864	864
0	2	460	460
0	30019	1	2
0	30009	1	2
0	30006	1	1
0	30007	1	2
52321	0	0	0
0	3	870	870
0	2	460	460
0	30001	1	1
0	30007	1	2
52322	0	0	0
0	3	870	870
0	2	460	460
0	30001	1	1
0	30007	1	2
52323	0	0	0
0	3	870	870
0	2	460	460
0	30006	1	1
0	30019	1	2
0	30009	1	2
0	30001	1	1
0	30007	1	2
52324	0	0	0
0	3	870	870
0	2	460	460
0	30001	1	1
0	30007	1	2
52325	0	0	0
0	3	870	870
0	2	460	460
0	30001	1	1
0	30007	1	2
52326	0	0	0
0	3	880	880
0	2	483	483
0	30006	1	1
0	30019	1	2
0	30009	1	2
0	30001	1	1
0	30007	1	2
52327	0	0	0
0	3	880	880
0	2	483	483
0	30001	1	1
0	30007	1	2
52328	0	0	0
0	3	880	880
0	2	483	483
0	30001	1	1
0	30007	1	2
52329	0	0	0
0	3	880	880
0	2	483	483
0	30006	1	1
0	30019	1	2
0	30009	1	2
0	30001	1	1
0	30007	1	2
52330	0	0	0
0	3	880	880
0	2	483	483
0	30006	1	1
0	30019	1	2
0	30009	1	2
0	30001	1	1
0	30007	1	2
52331	0	0	0
0	3	900	900
0	2	507	507
0	30001	1	1
0	30007	1	2
52332	0	0	0
0	3	900	900
0	2	507	507
0	30001	1	1
0	30007	1	2
52333	0	0	0
0	3	900	900
0	2	507	507
0	30006	1	1
0	30019	1	2
0	30009	1	2
0	30001	1	1
0	30007	1	2
52334	0	0	0
0	3	900	900
0	2	507	507
0	30001	1	1
0	30007	1	2
52335	0	0	0
0	3	900	900
0	2	507	507
0	30001	1	1
0	30007	1	2
52336	0	0	0
0	3	910	910
0	2	532	532
0	30006	1	1
0	30019	1	2
0	30009	1	2
0	30001	1	1
0	30007	1	2
52337	0	0	0
0	3	910	910
0	2	532	532
0	30001	1	1
0	30007	1	2
52338	0	0	0
0	3	910	910
0	2	532	532
0	30001	1	1
0	30007	1	2
52339	0	0	0
0	3	910	910
0	2	532	532
0	30006	1	1
0	30019	1	2
0	30009	1	2
0	30001	1	1
0	30007	1	2
52340	0	0	0
0	3	910	910
0	2	532	532
0	30006	1	1
0	30019	1	2
0	30009	1	2
0	30001	1	1
0	30007	1	2
52341	0	0	0
0	3	912	912
0	2	558	558
0	30006	1	1
0	30007	1	2
52342	0	0	0
0	3	912	912
0	2	558	558
0	30006	1	1
0	30007	1	2
52343	0	0	0
0	3	912	912
0	2	558	558
0	30019	1	2
0	30009	1	2
0	30006	1	1
0	30007	1	2
52344	0	0	0
0	3	912	912
0	2	558	558
0	30006	1	1
0	30007	1	2
52345	0	0	0
0	3	912	912
0	2	558	558
0	30006	1	1
0	30007	1	2
52346	0	0	0
0	3	940	940
0	2	586	586
0	30019	1	2
0	30009	1	2
0	30006	1	1
0	30007	1	2
52347	0	0	0
0	3	940	940
0	2	586	586
0	30006	1	1
0	30007	1	2
52348	0	0	0
0	3	940	940
0	2	586	586
0	30006	1	1
0	30007	1	2
52349	0	0	0
0	3	940	940
0	2	586	586
0	30019	1	2
0	30009	1	2
0	30006	1	1
0	30007	1	2
52350	0	0	0
0	3	940	940
0	2	586	586
0	30019	1	2
0	30009	1	2
0	30006	1	1
0	30007	1	2
52351	0	0	0
0	3	945	945
0	2	615	615
0	30001	1	1
0	30007	1	2
52352	0	0	0
0	3	945	945
0	2	615	615
0	30001	1	1
0	30007	1	2
52353	0	0	0
0	3	945	945
0	2	615	615
0	30006	1	1
0	30019	1	2
0	30009	1	2
0	30001	1	1
0	30007	1	2
52354	0	0	0
0	3	945	945
0	2	615	615
0	30001	1	1
0	30007	1	2
52355	0	0	0
0	3	945	945
0	2	615	615
0	30001	1	1
0	30007	1	2
52356	0	0	0
0	3	948	948
0	2	646	646
0	30006	1	1
0	30019	1	2
0	30009	1	2
0	30001	1	1
0	30007	1	2
52357	0	0	0
0	3	948	948
0	2	646	646
0	30001	1	1
0	30007	1	2
52358	0	0	0
0	3	948	948
0	2	646	646
0	30001	1	1
0	30007	1	2
52359	0	0	0
0	3	948	948
0	2	646	646
0	30006	1	1
0	30019	1	2
0	30009	1	2
0	30001	1	1
0	30007	1	2
52360	0	0	0
0	3	948	948
0	2	646	646
0	30006	1	1
0	30019	1	2
0	30009	1	2
0	30001	1	1
0	30007	1	2
52361	0	0	0
0	3	950	950
0	2	678	678
0	30001	1	1
0	30007	1	2
52362	0	0	0
0	3	950	950
0	2	678	678
0	30001	1	1
0	30007	1	2
52363	0	0	0
0	3	950	950
0	2	678	678
0	30006	1	1
0	30019	1	2
0	30009	1	2
0	30001	1	1
0	30007	1	2
52364	0	0	0
0	3	950	950
0	2	678	678
0	30001	1	1
0	30007	1	2
52365	0	0	0
0	3	950	950
0	2	678	678
0	30001	1	1
0	30007	1	2
52366	0	0	0
0	3	970	970
0	2	712	712
0	30006	1	1
0	30019	1	2
0	30009	1	2
0	30001	1	1
0	30007	1	2
52367	0	0	0
0	3	970	970
0	2	712	712
0	30001	1	1
0	30007	1	2
52368	0	0	0
0	3	970	970
0	2	712	712
0	30001	1	1
0	30007	1	2
52369	0	0	0
0	3	970	970
0	2	712	712
0	30006	1	1
0	30019	1	2
0	30009	1	2
0	30001	1	1
0	30007	1	2
52370	0	0	0
0	3	970	970
0	2	712	712
0	30006	1	1
0	30019	1	2
0	30009	1	2
0	30001	1	1
0	30007	1	2
52371	0	0	0
0	3	980	980
0	2	747	747
0	30006	1	1
0	30007	1	2
52372	0	0	0
0	3	980	980
0	2	747	747
0	30006	1	1
0	30007	1	2
52373	0	0	0
0	3	980	980
0	2	747	747
0	30019	1	2
0	30009	1	2
0	30006	1	1
0	30007	1	2
52374	0	0	0
0	3	980	980
0	2	747	747
0	30006	1	1
0	30007	1	2
52375	0	0	0
0	3	980	980
0	2	747	747
0	30006	1	1
0	30007	1	2
52376	0	0	0
0	3	984	984
0	2	785	785
0	30019	1	2
0	30009	1	2
0	30006	1	1
0	30007	1	2
52377	0	0	0
0	3	984	984
0	2	785	785
0	30006	1	1
0	30007	1	2
52378	0	0	0
0	3	984	984
0	2	785	785
0	30006	1	1
0	30007	1	2
52379	0	0	0
0	3	984	984
0	2	785	785
0	30019	1	2
0	30009	1	2
0	30006	1	1
0	30007	1	2
52380	0	0	0
0	3	984	984
0	2	785	785
0	30019	1	2
0	30009	1	2
0	30006	1	1
0	30007	1	2
52381	0	0	0
0	3	1000	1000
0	2	824	824
0	30001	1	1
0	30007	1	2
52382	0	0	0
0	3	1000	1000
0	2	824	824
0	30001	1	1
0	30007	1	2
52383	0	0	0
0	3	1000	1000
0	2	824	824
0	30006	1	1
0	30019	1	2
0	30009	1	2
0	30001	1	1
0	30007	1	2
52384	0	0	0
0	3	1000	1000
0	2	824	824
0	30001	1	1
0	30007	1	2
52385	0	0	0
0	3	1000	1000
0	2	824	824
0	30001	1	1
0	30007	1	2
52386	0	0	0
0	3	1010	1010
0	2	865	865
0	30006	1	1
0	30019	1	2
0	30009	1	2
0	30001	1	1
0	30007	1	2
52387	0	0	0
0	3	1010	1010
0	2	865	865
0	30001	1	1
0	30007	1	2
52388	0	0	0
0	3	1010	1010
0	2	865	865
0	30001	1	1
0	30007	1	2
52389	0	0	0
0	3	1010	1010
0	2	865	865
0	30006	1	1
0	30019	1	2
0	30009	1	2
0	30001	1	1
0	30007	1	2
52390	0	0	0
0	3	1010	1010
0	2	865	865
0	30006	1	1
0	30019	1	2
0	30009	1	2
0	30001	1	1
0	30007	1	2
52391	0	0	0
0	3	1032	1032
0	2	908	908
0	30001	1	1
0	30007	1	2
52392	0	0	0
0	3	1032	1032
0	2	908	908
0	30001	1	1
0	30007	1	2
52393	0	0	0
0	3	1032	1032
0	2	908	908
0	30006	1	1
0	30019	1	2
0	30009	1	2
0	30001	1	1
0	30007	1	2
52394	0	0	0
0	3	1032	1032
0	2	908	908
0	30001	1	1
0	30007	1	2
52395	0	0	0
0	3	1032	1032
0	2	908	908
0	30001	1	1
0	30007	1	2
52396	0	0	0
0	3	1068	1068
0	2	953	953
0	30006	1	1
0	30019	1	2
0	30009	1	2
0	30001	1	1
0	30007	1	2
52397	0	0	0
0	3	1068	1068
0	2	953	953
0	30001	1	1
0	30007	1	2
52398	0	0	0
0	3	1068	1068
0	2	953	953
0	30001	1	1
0	30007	1	2
52399	0	0	0
0	3	1068	1068
0	2	953	953
0	30006	1	1
0	30019	1	2
0	30009	1	2
0	30001	1	1
0	30007	1	2
52400	0	0	0
0	3	1068	1068
0	2	953	953
0	30006	1	1
0	30019	1	2
0	30009	1	2
0	30001	1	1
0	30007	1	2
52401	0	0	0
0	3	1095	1095
0	2	1001	1001
0	30006	1	1
0	30007	1	2
52402	0	0	0
0	3	1095	1095
0	2	1001	1001
0	30006	1	1
0	30007	1	2
52403	0	0	0
0	3	1095	1095
0	2	1001	1001
0	30019	1	2
0	30009	1	2
0	30006	1	1
0	30007	1	2
52404	0	0	0
0	3	1095	1095
0	2	1001	1001
0	30006	1	1
0	30007	1	2
52405	0	0	0
0	3	1095	1095
0	2	1001	1001
0	30006	1	1
0	30007	1	2
52406	0	0	0
0	3	1104	1104
0	2	1051	1051
0	30019	1	2
0	30009	1	2
0	30006	1	1
0	30007	1	2
52407	0	0	0
0	3	1104	1104
0	2	1051	1051
0	30006	1	1
0	30007	1	2
52408	0	0	0
0	3	1104	1104
0	2	1051	1051
0	30006	1	1
0	30007	1	2
52409	0	0	0
0	3	1104	1104
0	2	1051	1051
0	30019	1	2
0	30009	1	2
0	30006	1	1
0	30007	1	2
52410	0	0	0
0	3	1104	1104
0	2	1051	1051
0	30019	1	2
0	30009	1	2
0	30006	1	1
0	30007	1	2
52411	0	0	0
0	3	1152	1152
0	2	1076	1076
0	30001	1	1
0	30007	1	2
52412	0	0	0
0	3	1152	1152
0	2	1076	1076
0	30001	1	1
0	30007	1	2
52413	0	0	0
0	3	1152	1152
0	2	1076	1076
0	30006	1	1
0	30019	1	2
0	30009	1	2
0	30001	1	1
0	30007	1	2
52414	0	0	0
0	3	1152	1152
0	2	1076	1076
0	30001	1	1
0	30007	1	2
52415	0	0	0
0	3	1152	1152
0	2	1076	1076
0	30001	1	1
0	30007	1	2
52416	0	0	0
0	3	1188	1188
0	2	1129	1129
0	30006	1	1
0	30019	1	2
0	30009	1	2
0	30001	1	1
0	30007	1	2
52417	0	0	0
0	3	1188	1188
0	2	1129	1129
0	30001	1	1
0	30007	1	2
52418	0	0	0
0	3	1188	1188
0	2	1129	1129
0	30001	1	1
0	30007	1	2
52419	0	0	0
0	3	1188	1188
0	2	1129	1129
0	30006	1	1
0	30019	1	2
0	30009	1	2
0	30001	1	1
0	30007	1	2
52420	0	0	0
0	3	1188	1188
0	2	1129	1129
0	30006	1	1
0	30019	1	2
0	30009	1	2
0	30001	1	1
0	30007	1	2
52421	0	0	0
0	3	1224	1224
0	2	1155	1155
0	30001	1	1
0	30007	1	2
52422	0	0	0
0	3	1224	1224
0	2	1155	1155
0	30001	1	1
0	30007	1	2
52423	0	0	0
0	3	1224	1224
0	2	1155	1155
0	30006	1	1
0	30019	1	2
0	30009	1	2
0	30001	1	1
0	30007	1	2
52424	0	0	0
0	3	1224	1224
0	2	1155	1155
0	30001	1	1
0	30007	1	2
52425	0	0	0
0	3	1224	1224
0	2	1155	1155
0	30001	1	1
0	30007	1	2
52426	0	0	0
0	3	1245	1245
0	2	1213	1213
0	30006	1	1
0	30019	1	2
0	30009	1	2
0	30001	1	1
0	30007	1	2
52427	0	0	0
0	3	1245	1245
0	2	1213	1213
0	30001	1	1
0	30007	1	2
52428	0	0	0
0	3	1245	1245
0	2	1213	1213
0	30001	1	1
0	30007	1	2
52429	0	0	0
0	3	1245	1245
0	2	1213	1213
0	30006	1	1
0	30019	1	2
0	30009	1	2
0	30001	1	1
0	30007	1	2
52430	0	0	0
0	3	1245	1245
0	2	1213	1213
0	30006	1	1
0	30019	1	2
0	30009	1	2
0	30001	1	1
0	30007	1	2
52431	0	0	0
0	3	1395	1395
0	2	1240	1240
0	30006	1	1
0	30007	1	2
52432	0	0	0
0	3	1395	1395
0	2	1240	1240
0	30006	1	1
0	30007	1	2
52433	0	0	0
0	3	1395	1395
0	2	1240	1240
0	30019	1	2
0	30009	1	2
0	30006	1	1
0	30007	1	2
52434	0	0	0
0	3	1395	1395
0	2	1240	1240
0	30006	1	1
0	30007	1	2
52435	0	0	0
0	3	1395	1395
0	2	1240	1240
0	30006	1	1
0	30007	1	2
52436	0	0	0
0	3	1545	1545
0	2	1302	1302
0	30019	1	2
0	30009	1	2
0	30006	1	1
0	30007	1	2
52437	0	0	0
0	3	1545	1545
0	2	1302	1302
0	30006	1	1
0	30007	1	2
52438	0	0	0
0	3	1545	1545
0	2	1302	1302
0	30006	1	1
0	30007	1	2
52439	0	0	0
0	3	1545	1545
0	2	1302	1302
0	30019	1	2
0	30009	1	2
0	30006	1	1
0	30007	1	2
52440	0	0	0
0	3	1545	1545
0	2	1302	1302
0	30019	1	2
0	30009	1	2
0	30006	1	1
0	30007	1	2
52441	0	0	0
0	3	1545	1545
0	2	1302	1302
0	30001	1	1
0	30007	1	2
52442	0	0	0
0	3	1545	1545
0	2	1302	1302
0	30001	1	1
0	30007	1	2
52443	0	0	0
0	3	1545	1545
0	2	1302	1302
0	30006	1	1
0	30019	1	2
0	30009	1	2
0	30001	1	1
0	30007	1	2
52444	0	0	0
0	3	1545	1545
0	2	1302	1302
0	30001	1	1
0	30007	1	2
52445	0	0	0
0	3	1545	1545
0	2	1302	1302
0	30001	1	1
0	30007	1	2
52446	0	0	0
0	3	1545	1545
0	2	1302	1302
0	30006	1	1
0	30019	1	2
0	30009	1	2
0	30001	1	1
0	30007	1	2
52447	0	0	0
0	3	1545	1545
0	2	1302	1302
0	30001	1	1
0	30007	1	2
52448	0	0	0
0	3	1545	1545
0	2	1302	1302
0	30001	1	1
0	30007	1	2
52449	0	0	0
0	3	1545	1545
0	2	1302	1302
0	30006	1	1
0	30019	1	2
0	30009	1	2
0	30001	1	1
0	30007	1	2
52450	0	0	0
0	3	1545	1545
0	2	1302	1302
0	30006	1	1
0	30019	1	2
0	30009	1	2
0	30001	1	1
0	30007	1	2
52451	0	0	0
0	3	1545	1545
0	2	1302	1302
0	30001	1	1
0	30007	1	2
52452	0	0	0
0	3	1545	1545
0	2	1302	1302
0	30001	1	1
0	30007	1	2
52453	0	0	0
0	3	1545	1545
0	2	1302	1302
0	30006	1	1
0	30019	1	2
0	30009	1	2
0	30001	1	1
0	30007	1	2
52454	0	0	0
0	3	1545	1545
0	2	1302	1302
0	30001	1	1
0	30007	1	2
52455	0	0	0
0	3	1545	1545
0	2	1302	1302
0	30001	1	1
0	30007	1	2
52456	0	0	0
0	3	1545	1545
0	2	1302	1302
0	30006	1	1
0	30019	1	2
0	30009	1	2
0	30001	1	1
0	30007	1	2
52457	0	0	0
0	3	1545	1545
0	2	1302	1302
0	30001	1	1
0	30007	1	2
52458	0	0	0
0	3	1545	1545
0	2	1302	1302
0	30001	1	1
0	30007	1	2
52459	0	0	0
0	3	1545	1545
0	2	1302	1302
0	30006	1	1
0	30019	1	2
0	30009	1	2
0	30001	1	1
0	30007	1	2
52460	0	0	0
0	3	1545	1545
0	2	1302	1302
0	30006	1	1
0	30019	1	2
0	30009	1	2
0	30001	1	1
0	30007	1	2
52461	0	0	0
0	3	1545	1545
0	2	1302	1302
0	30006	1	1
0	30007	1	2
52462	0	0	0
0	3	1545	1545
0	2	1302	1302
0	30006	1	1
0	30007	1	2
52463	0	0	0
0	3	1545	1545
0	2	1302	1302
0	30019	1	2
0	30009	1	2
0	30006	1	1
0	30007	1	2
52464	0	0	0
0	3	1545	1545
0	2	1302	1302
0	30006	1	1
0	30007	1	2
52465	0	0	0
0	3	1545	1545
0	2	1302	1302
0	30006	1	1
0	30007	1	2
52466	0	0	0
0	3	1545	1545
0	2	1302	1302
0	30019	1	2
0	30009	1	2
0	30006	1	1
0	30007	1	2
52467	0	0	0
0	3	1545	1545
0	2	1302	1302
0	30006	1	1
0	30007	1	2
52468	0	0	0
0	3	1545	1545
0	2	1302	1302
0	30006	1	1
0	30007	1	2
52469	0	0	0
0	3	1545	1545
0	2	1302	1302
0	30019	1	2
0	30009	1	2
0	30006	1	1
0	30007	1	2
52470	0	0	0
0	3	1545	1545
0	2	1302	1302
0	30019	1	2
0	30009	1	2
0	30006	1	1
0	30007	1	2
52471	0	0	0
0	3	1545	1545
0	2	1302	1302
0	30001	1	1
0	30007	1	2
52472	0	0	0
0	3	1545	1545
0	2	1302	1302
0	30001	1	1
0	30007	1	2
52473	0	0	0
0	3	1545	1545
0	2	1302	1302
0	30006	1	1
0	30019	1	2
0	30009	1	2
0	30001	1	1
0	30007	1	2
52474	0	0	0
0	3	1545	1545
0	2	1302	1302
0	30001	1	1
0	30007	1	2
52475	0	0	0
0	3	1545	1545
0	2	1302	1302
0	30001	1	1
0	30007	1	2
52476	0	0	0
0	3	1545	1545
0	2	1302	1302
0	30006	1	1
0	30019	1	2
0	30009	1	2
0	30001	1	1
0	30007	1	2
52477	0	0	0
0	3	1545	1545
0	2	1302	1302
0	30001	1	1
0	30007	1	2
52478	0	0	0
0	3	1545	1545
0	2	1302	1302
0	30001	1	1
0	30007	1	2
52479	0	0	0
0	3	1545	1545
0	2	1302	1302
0	30006	1	1
0	30019	1	2
0	30009	1	2
0	30001	1	1
0	30007	1	2
52480	0	0	0
0	3	1545	1545
0	2	1302	1302
0	30006	1	1
0	30019	1	2
0	30009	1	2
0	30001	1	1
0	30007	1	2
52481	0	0	0
0	3	1545	1545
0	2	1302	1302
0	30001	1	1
0	30007	1	2
52482	0	0	0
0	3	1545	1545
0	2	1302	1302
0	30001	1	1
0	30007	1	2
52483	0	0	0
0	3	1545	1545
0	2	1302	1302
0	30006	1	1
0	30019	1	2
0	30009	1	2
0	30001	1	1
0	30007	1	2
52484	0	0	0
0	3	1545	1545
0	2	1302	1302
0	30001	1	1
0	30007	1	2
52485	0	0	0
0	3	1545	1545
0	2	1302	1302
0	30001	1	1
0	30007	1	2
52486	0	0	0
0	3	1545	1545
0	2	1302	1302
0	30006	1	1
0	30019	1	2
0	30009	1	2
0	30001	1	1
0	30007	1	2
52487	0	0	0
0	3	1545	1545
0	2	1302	1302
0	30001	1	1
0	30007	1	2
52488	0	0	0
0	3	1545	1545
0	2	1302	1302
0	30001	1	1
0	30007	1	2
52489	0	0	0
0	3	1545	1545
0	2	1302	1302
0	30006	1	1
0	30019	1	2
0	30009	1	2
0	30001	1	1
0	30007	1	2
52490	0	0	0
0	3	1545	1545
0	2	1302	1302
0	30006	1	1
0	30019	1	2
0	30009	1	2
0	30001	1	1
0	30007	1	2
52491	0	0	0
0	3	1545	1545
0	2	1302	1302
0	30006	1	1
0	30007	1	2
52492	0	0	0
0	3	1545	1545
0	2	1302	1302
0	30006	1	1
0	30007	1	2
52493	0	0	0
0	3	1545	1545
0	2	1302	1302
0	30019	1	2
0	30009	1	2
0	30006	1	1
0	30007	1	2
52494	0	0	0
0	3	1545	1545
0	2	1302	1302
0	30006	1	1
0	30007	1	2
52495	0	0	0
0	3	1545	1545
0	2	1302	1302
0	30006	1	1
0	30007	1	2
52496	0	0	0
0	3	1545	1545
0	2	1302	1302
0	30019	1	2
0	30009	1	2
0	30006	1	1
0	30007	1	2
52497	0	0	0
0	3	1545	1545
0	2	1302	1302
0	30006	1	1
0	30007	1	2
52498	0	0	0
0	3	1545	1545
0	2	1302	1302
0	30006	1	1
0	30007	1	2
52499	0	0	0
0	3	1545	1545
0	2	1302	1302
0	30019	1	2
0	30009	1	2
0	30006	1	1
0	30007	1	2
52500	0	0	0
0	3	1545	1545
0	2	1302	1302
0	30019	1	2
0	30009	1	2
0	30006	1	1
0	30007	1	2
52501	0	0	0
0	3	1545	1545
0	2	1302	1302
0	30001	1	1
0	30007	1	2
52502	0	0	0
0	3	1545	1545
0	2	1302	1302
0	30001	1	1
0	30007	1	2
52503	0	0	0
0	3	1545	1545
0	2	1302	1302
0	30006	1	1
0	30019	1	2
0	30009	1	2
0	30001	1	1
0	30007	1	2
52504	0	0	0
0	3	1545	1545
0	2	1302	1302
0	30001	1	1
0	30007	1	2
52505	0	0	0
0	3	1545	1545
0	2	1302	1302
0	30001	1	1
0	30007	1	2
52506	0	0	0
0	3	1545	1545
0	2	1302	1302
0	30006	1	1
0	30019	1	2
0	30009	1	2
0	30001	1	1
0	30007	1	2
52507	0	0	0
0	3	1545	1545
0	2	1302	1302
0	30001	1	1
0	30007	1	2
52508	0	0	0
0	3	1545	1545
0	2	1302	1302
0	30001	1	1
0	30007	1	2
52509	0	0	0
0	3	1545	1545
0	2	1302	1302
0	30006	1	1
0	30019	1	2
0	30009	1	2
0	30001	1	1
0	30007	1	2
52510	0	0	0
0	3	1545	1545
0	2	1302	1302
0	30006	1	1
0	30019	1	2
0	30009	1	2
0	30001	1	1
0	30007	1	2
52511	0	0	0
0	3	1545	1545
0	2	1302	1302
0	30001	1	1
0	30007	1	2
52512	0	0	0
0	3	1545	1545
0	2	1302	1302
0	30001	1	1
0	30007	1	2
52513	0	0	0
0	3	1545	1545
0	2	1302	1302
0	30006	1	1
0	30019	1	2
0	30009	1	2
0	30001	1	1
0	30007	1	2
52514	0	0	0
0	3	1545	1545
0	2	1302	1302
0	30001	1	1
0	30007	1	2
52515	0	0	0
0	3	1545	1545
0	2	1302	1302
0	30001	1	1
0	30007	1	2
52516	0	0	0
0	3	1545	1545
0	2	1302	1302
0	30006	1	1
0	30019	1	2
0	30009	1	2
0	30001	1	1
0	30007	1	2
52517	0	0	0
0	3	1545	1545
0	2	1302	1302
0	30001	1	1
0	30007	1	2
52518	0	0	0
0	3	1545	1545
0	2	1302	1302
0	30001	1	1
0	30007	1	2
52519	0	0	0
0	3	1545	1545
0	2	1302	1302
0	30006	1	1
0	30019	1	2
0	30009	1	2
0	30001	1	1
0	30007	1	2
52520	0	0	0
0	3	1545	1545
0	2	1302	1302
0	30006	1	1
0	30019	1	2
0	30009	1	2
0	30001	1	1
0	30007	1	2
52521	0	0	0
0	3	1545	1545
0	2	1302	1302
0	30006	1	1
0	30007	1	2
52522	0	0	0
0	3	1545	1545
0	2	1302	1302
0	30006	1	1
0	30007	1	2
52523	0	0	0
0	3	1545	1545
0	2	1302	1302
0	30019	1	2
0	30009	1	2
0	30006	1	1
0	30007	1	2
52524	0	0	0
0	3	1545	1545
0	2	1302	1302
0	30006	1	1
0	30007	1	2
52525	0	0	0
0	3	1545	1545
0	2	1302	1302
0	30006	1	1
0	30007	1	2
52526	0	0	0
0	3	1545	1545
0	2	1302	1302
0	30019	1	2
0	30009	1	2
0	30006	1	1
0	30007	1	2
52527	0	0	0
0	3	1545	1545
0	2	1302	1302
0	30006	1	1
0	30007	1	2
52528	0	0	0
0	3	1545	1545
0	2	1302	1302
0	30006	1	1
0	30007	1	2
52529	0	0	0
0	3	1545	1545
0	2	1302	1302
0	30019	1	2
0	30009	1	2
0	30006	1	1
0	30007	1	2
52530	0	0	0
0	3	1545	1545
0	2	1302	1302
0	30019	1	2
0	30009	1	2
0	30006	1	1
0	30007	1	2
52531	0	0	0
0	3	1545	1545
0	2	1302	1302
0	30001	1	1
0	30007	1	2
52532	0	0	0
0	3	1545	1545
0	2	1302	1302
0	30001	1	1
0	30007	1	2
52533	0	0	0
0	3	1545	1545
0	2	1302	1302
0	30006	1	1
0	30019	1	2
0	30009	1	2
0	30001	1	1
0	30007	1	2
52534	0	0	0
0	3	1545	1545
0	2	1302	1302
0	30001	1	1
0	30007	1	2
52535	0	0	0
0	3	1545	1545
0	2	1302	1302
0	30001	1	1
0	30007	1	2
52536	0	0	0
0	3	1545	1545
0	2	1302	1302
0	30006	1	1
0	30019	1	2
0	30009	1	2
0	30001	1	1
0	30007	1	2
52537	0	0	0
0	3	1545	1545
0	2	1302	1302
0	30001	1	1
0	30007	1	2
52538	0	0	0
0	3	1545	1545
0	2	1302	1302
0	30001	1	1
0	30007	1	2
52539	0	0	0
0	3	1545	1545
0	2	1302	1302
0	30006	1	1
0	30019	1	2
0	30009	1	2
0	30001	1	1
0	30007	1	2
52540	0	0	0
0	3	1545	1545
0	2	1302	1302
0	30006	1	1
0	30019	1	2
0	30009	1	2
0	30001	1	1
0	30007	1	2
52541	0	0	0
0	3	1545	1545
0	2	1302	1302
0	30001	1	1
0	30007	1	2
52542	0	0	0
0	3	1545	1545
0	2	1302	1302
0	30001	1	1
0	30007	1	2
52543	0	0	0
0	3	1545	1545
0	2	1302	1302
0	30006	1	1
0	30019	1	2
0	30009	1	2
0	30001	1	1
0	30007	1	2
52544	0	0	0
0	3	1545	1545
0	2	1302	1302
0	30001	1	1
0	30007	1	2
52545	0	0	0
0	3	1545	1545
0	2	1302	1302
0	30001	1	1
0	30007	1	2
52546	0	0	0
0	3	1545	1545
0	2	1302	1302
0	30006	1	1
0	30019	1	2
0	30009	1	2
0	30001	1	1
0	30007	1	2
52547	0	0	0
0	3	1545	1545
0	2	1302	1302
0	30001	1	1
0	30007	1	2
52548	0	0	0
0	3	1545	1545
0	2	1302	1302
0	30001	1	1
0	30007	1	2
52549	0	0	0
0	3	1545	1545
0	2	1302	1302
0	30006	1	1
0	30019	1	2
0	30009	1	2
0	30001	1	1
0	30007	1	2
52550	0	0	0
0	3	1545	1545
0	2	1302	1302
0	30006	1	1
0	30019	1	2
0	30009	1	2
0	30001	1	1
0	30007	1	2
52551	0	0	0
0	3	1545	1545
0	2	1302	1302
0	30006	1	1
0	30007	1	2
52552	0	0	0
0	3	1545	1545
0	2	1302	1302
0	30006	1	1
0	30007	1	2
52553	0	0	0
0	3	1545	1545
0	2	1302	1302
0	30019	1	2
0	30009	1	2
0	30006	1	1
0	30007	1	2
52554	0	0	0
0	3	1545	1545
0	2	1302	1302
0	30006	1	1
0	30007	1	2
52555	0	0	0
0	3	1545	1545
0	2	1302	1302
0	30006	1	1
0	30007	1	2
52556	0	0	0
0	3	1545	1545
0	2	1302	1302
0	30019	1	2
0	30009	1	2
0	30006	1	1
0	30007	1	2
52557	0	0	0
0	3	1545	1545
0	2	1302	1302
0	30006	1	1
0	30007	1	2
52558	0	0	0
0	3	1545	1545
0	2	1302	1302
0	30006	1	1
0	30007	1	2
52559	0	0	0
0	3	1545	1545
0	2	1302	1302
0	30019	1	2
0	30009	1	2
0	30006	1	1
0	30007	1	2
52560	0	0	0
0	3	1545	1545
0	2	1302	1302
0	30019	1	2
0	30009	1	2
0	30006	1	1
0	30007	1	2
52561	0	0	0
0	3	1545	1545
0	2	1302	1302
0	30001	1	1
0	30007	1	2
52562	0	0	0
0	3	1545	1545
0	2	1302	1302
0	30001	1	1
0	30007	1	2
52563	0	0	0
0	3	1545	1545
0	2	1302	1302
0	30006	1	1
0	30019	1	2
0	30009	1	2
0	30001	1	1
0	30007	1	2
52564	0	0	0
0	3	1545	1545
0	2	1302	1302
0	30001	1	1
0	30007	1	2
52565	0	0	0
0	3	1545	1545
0	2	1302	1302
0	30001	1	1
0	30007	1	2
52566	0	0	0
0	3	1545	1545
0	2	1302	1302
0	30006	1	1
0	30019	1	2
0	30009	1	2
0	30001	1	1
0	30007	1	2
52567	0	0	0
0	3	1545	1545
0	2	1302	1302
0	30001	1	1
0	30007	1	2
52568	0	0	0
0	3	1545	1545
0	2	1302	1302
0	30001	1	1
0	30007	1	2
52569	0	0	0
0	3	1545	1545
0	2	1302	1302
0	30006	1	1
0	30019	1	2
0	30009	1	2
0	30001	1	1
0	30007	1	2
52570	0	0	0
0	3	1545	1545
0	2	1302	1302
0	30006	1	1
0	30019	1	2
0	30009	1	2
0	30001	1	1
0	30007	1	2
52571	0	0	0
0	3	1545	1545
0	2	1302	1302
0	30001	1	1
0	30007	1	2
52572	0	0	0
0	3	1545	1545
0	2	1302	1302
0	30001	1	1
0	30007	1	2
52573	0	0	0
0	3	1545	1545
0	2	1302	1302
0	30006	1	1
0	30019	1	2
0	30009	1	2
0	30001	1	1
0	30007	1	2
52574	0	0	0
0	3	1545	1545
0	2	1302	1302
0	30001	1	1
0	30007	1	2
52575	0	0	0
0	3	1545	1545
0	2	1302	1302
0	30001	1	1
0	30007	1	2
52576	0	0	0
0	3	1545	1545
0	2	1302	1302
0	30006	1	1
0	30019	1	2
0	30009	1	2
0	30001	1	1
0	30007	1	2
52577	0	0	0
0	3	1545	1545
0	2	1302	1302
0	30001	1	1
0	30007	1	2
52578	0	0	0
0	3	1545	1545
0	2	1302	1302
0	30001	1	1
0	30007	1	2
52579	0	0	0
0	3	1545	1545
0	2	1302	1302
0	30006	1	1
0	30019	1	2
0	30009	1	2
0	30001	1	1
0	30007	1	2
52580	0	0	0
0	3	1545	1545
0	2	1302	1302
0	30006	1	1
0	30019	1	2
0	30009	1	2
0	30001	1	1
0	30007	1	2
52581	0	0	0
0	3	1545	1545
0	2	1302	1302
0	30006	1	1
0	30007	1	2
52582	0	0	0
0	3	1545	1545
0	2	1302	1302
0	30006	1	1
0	30007	1	2
52583	0	0	0
0	3	1545	1545
0	2	1302	1302
0	30019	1	2
0	30009	1	2
0	30006	1	1
0	30007	1	2
52584	0	0	0
0	3	1545	1545
0	2	1302	1302
0	30006	1	1
0	30007	1	2
52585	0	0	0
0	3	1545	1545
0	2	1302	1302
0	30006	1	1
0	30007	1	2
52586	0	0	0
0	3	1545	1545
0	2	1302	1302
0	30019	1	2
0	30009	1	2
0	30006	1	1
0	30007	1	2
52587	0	0	0
0	3	1545	1545
0	2	1302	1302
0	30006	1	1
0	30007	1	2
52588	0	0	0
0	3	1545	1545
0	2	1302	1302
0	30006	1	1
0	30007	1	2
52589	0	0	0
0	3	1545	1545
0	2	1302	1302
0	30019	1	2
0	30009	1	2
0	30006	1	1
0	30007	1	2
52590	0	0	0
0	3	1545	1545
0	2	1302	1302
0	30019	1	2
0	30009	1	2
0	30006	1	1
0	30007	1	2
52591	0	0	0
0	3	1545	1545
0	2	1302	1302
0	30001	1	1
0	30007	1	2
52592	0	0	0
0	3	1545	1545
0	2	1302	1302
0	30001	1	1
0	30007	1	2
52593	0	0	0
0	3	1545	1545
0	2	1302	1302
0	30006	1	1
0	30019	1	2
0	30009	1	2
0	30001	1	1
0	30007	1	2
52594	0	0	0
0	3	1545	1545
0	2	1302	1302
0	30001	1	1
0	30007	1	2
52595	0	0	0
0	3	1545	1545
0	2	1302	1302
0	30001	1	1
0	30007	1	2
52596	0	0	0
0	3	1545	1545
0	2	1302	1302
0	30006	1	1
0	30019	1	2
0	30009	1	2
0	30001	1	1
0	30007	1	2
52597	0	0	0
0	3	1545	1545
0	2	1302	1302
0	30001	1	1
0	30007	1	2
52598	0	0	0
0	3	1545	1545
0	2	1302	1302
0	30001	1	1
0	30007	1	2
52599	0	0	0
0	3	1545	1545
0	2	1302	1302
0	30006	1	1
0	30019	1	2
0	30009	1	2
0	30001	1	1
0	30007	1	2
52600	0	0	0
0	3	1545	1545
0	2	1302	1302
0	30006	1	1
0	30019	1	2
0	30009	1	2
0	30001	1	1
0	30007	1	2
50079	0	0	0
0	2	200000	200000
0	4	1000	1000
50080	0	0	0
0	2	100000	100000
0	4	800	800
50081	0	0	0
0	2	50000	50000
0	4	600	600
50082	0	0	0
0	2	30000	30000
0	4	500	500
50083	0	0	0
0	2	10000	10000
0	4	400	400
50084	0	0	0
0	2	5000	5000
0	4	300	300
50085	0	0	0
0	2	3000	3000
0	4	200	200
50086	0	0	0
0	2	2000	2000
0	4	100	100
50087	0	0	0
0	3	5	5
0	2	100	100
0	30006	1	1
0	30007	1	1
0	30009	1	1
0	30001	1	1
50088	0	0	0
0	3	10	10
0	2	200	200
0	30006	1	1
0	30007	1	1
0	30009	1	1
0	30001	1	1
50089	0	0	0
0	3	20	20
0	2	300	300
0	30006	1	1
0	30007	1	1
0	30009	1	1
0	30001	1	1
50090	0	0	0
0	3	40	40
0	2	500	500
0	30006	1	1
0	30007	1	1
0	30009	1	1
0	30001	1	1
50091	0	0	0
0	3	60	60
0	2	1000	1000
0	30006	1	1
0	30007	1	1
0	30009	1	1
0	30001	1	1
50092	0	0	0
0	3	100	100
0	2	2000	2000
0	30006	1	1
0	30007	1	1
0	30009	1	1
0	30001	1	1
50093	0	0	0
0	35010	1	1
0	35028	1	1
0	35046	1	1
50094	0	0	0
0	35001	1	1
0	35019	1	1
0	35037	1	1
50095	0	0	0
0	35055	1	1
0	35064	1	1
0	35073	1	1
50096	0	0	0
0	3	1000	1000
0	2	20000	20000
50097	0	0	0
0	3	500	500
0	2	10000	10000
50098	0	0	0
0	3	300	300
0	2	5000	5000
50099	0	0	0
0	4	50	50
50100	0	0	0
0	4	20	20
52601	0	0	0
0	3	50	50
0	2	28	28
52602	0	0	0
0	3	50	50
0	2	28	28
52603	0	0	0
0	3	50	50
0	2	28	28
52604	0	0	0
0	3	50	50
0	2	29	29
52605	0	0	0
0	3	50	50
0	2	29	29
52606	0	0	0
0	3	50	50
0	2	29	29
52607	0	0	0
0	3	50	50
0	2	30	30
52608	0	0	0
0	3	50	50
0	2	30	30
52609	0	0	0
0	3	50	50
0	2	30	30
52610	0	0	0
0	3	50	50
0	2	31	31
52611	0	0	0
0	3	50	50
0	2	31	31
52612	0	0	0
0	3	50	50
0	2	31	31
52613	0	0	0
0	3	50	50
0	2	32	32
52614	0	0	0
0	3	50	50
0	2	32	32
52615	0	0	0
0	3	50	50
0	2	32	32
52616	0	0	0
0	3	50	50
0	2	34	34
52617	0	0	0
0	3	50	50
0	2	34	34
52618	0	0	0
0	3	50	50
0	2	34	34
52619	0	0	0
0	3	50	50
0	2	35	35
52620	0	0	0
0	3	50	50
0	2	35	35
52621	0	0	0
0	3	50	50
0	2	35	35
52622	0	0	0
0	3	55	55
0	2	37	37
52623	0	0	0
0	3	55	55
0	2	37	37
52624	0	0	0
0	3	55	55
0	2	37	37
52625	0	0	0
0	3	70	70
0	2	38	38
52626	0	0	0
0	3	70	70
0	2	38	38
52627	0	0	0
0	3	70	70
0	2	38	38
52628	0	0	0
0	3	70	70
0	2	40	40
52629	0	0	0
0	3	72	72
0	2	40	40
52630	0	0	0
0	3	72	72
0	2	40	40
52631	0	0	0
0	3	72	72
0	2	42	42
52632	0	0	0
0	3	75	75
0	2	42	42
52633	0	0	0
0	3	75	75
0	2	42	42
52634	0	0	0
0	3	75	75
0	2	42	42
52635	0	0	0
0	3	75	75
0	2	44	44
52636	0	0	0
0	3	85	85
0	2	44	44
52637	0	0	0
0	3	85	85
0	2	44	44
52638	0	0	0
0	3	85	85
0	2	44	44
52639	0	0	0
0	3	85	85
0	2	45	45
52640	0	0	0
0	3	90	90
0	2	45	45
52641	0	0	0
0	3	90	90
0	2	45	45
52642	0	0	0
0	3	90	90
0	2	45	45
52643	0	0	0
0	3	90	90
0	2	48	48
52644	0	0	0
0	3	96	96
0	2	48	48
52645	0	0	0
0	3	96	96
0	2	48	48
52646	0	0	0
0	3	96	96
0	2	48	48
52647	0	0	0
0	3	96	96
0	2	50	50
52648	0	0	0
0	3	98	98
0	2	50	50
52649	0	0	0
0	3	98	98
0	2	50	50
52650	0	0	0
0	3	98	98
0	2	50	50
52651	0	0	0
0	3	100	100
0	2	52	52
52652	0	0	0
0	3	100	100
0	2	52	52
52653	0	0	0
0	3	100	100
0	2	52	52
52654	0	0	0
0	3	100	100
0	2	52	52
52655	0	0	0
0	3	105	105
0	2	54	54
52656	0	0	0
0	3	105	105
0	2	54	54
52657	0	0	0
0	3	105	105
0	2	54	54
52658	0	0	0
0	3	105	105
0	2	54	54
52659	0	0	0
0	3	114	114
0	2	56	56
52660	0	0	0
0	3	114	114
0	2	56	56
52661	0	0	0
0	3	114	114
0	2	56	56
52662	0	0	0
0	3	114	114
0	2	56	56
52663	0	0	0
0	3	120	120
0	2	59	59
52664	0	0	0
0	3	120	120
0	2	59	59
52665	0	0	0
0	3	120	120
0	2	59	59
52666	0	0	0
0	3	120	120
0	2	59	59
52667	0	0	0
0	3	125	125
0	2	62	62
52668	0	0	0
0	3	125	125
0	2	62	62
52669	0	0	0
0	3	125	125
0	2	62	62
52670	0	0	0
0	3	125	125
0	2	62	62
52671	0	0	0
0	3	132	132
0	2	65	65
52672	0	0	0
0	3	132	132
0	2	65	65
52673	0	0	0
0	3	132	132
0	2	65	65
52674	0	0	0
0	3	132	132
0	2	65	65
52675	0	0	0
0	3	135	135
0	2	68	68
52676	0	0	0
0	3	135	135
0	2	68	68
52677	0	0	0
0	3	135	135
0	2	68	68
52678	0	0	0
0	3	135	135
0	2	68	68
52679	0	0	0
0	3	140	140
0	2	71	71
52680	0	0	0
0	3	140	140
0	2	71	71
52681	0	0	0
0	3	140	140
0	2	71	71
52682	0	0	0
0	3	140	140
0	2	71	71
52683	0	0	0
0	3	150	150
0	2	74	74
52684	0	0	0
0	3	150	150
0	2	74	74
52685	0	0	0
0	3	150	150
0	2	74	74
52686	0	0	0
0	3	150	150
0	2	74	74
52687	0	0	0
0	3	155	155
0	2	78	78
52688	0	0	0
0	3	155	155
0	2	78	78
52689	0	0	0
0	3	155	155
0	2	78	78
52690	0	0	0
0	3	155	155
0	2	78	78
52691	0	0	0
0	3	156	156
0	2	81	81
52692	0	0	0
0	3	156	156
0	2	81	81
52693	0	0	0
0	3	156	156
0	2	81	81
52694	0	0	0
0	3	156	156
0	2	81	81
52695	0	0	0
0	3	170	170
0	2	85	85
52696	0	0	0
0	3	170	170
0	2	85	85
52697	0	0	0
0	3	170	170
0	2	85	85
52698	0	0	0
0	3	170	170
0	2	85	85
52699	0	0	0
0	3	173	173
0	2	89	89
52700	0	0	0
0	3	173	173
0	2	89	89
52701	0	0	0
0	3	173	173
0	2	89	89
52702	0	0	0
0	3	173	173
0	2	89	89
52703	0	0	0
0	3	174	174
0	2	89	89
52704	0	0	0
0	3	174	174
0	2	89	89
52705	0	0	0
0	3	174	174
0	2	89	89
52706	0	0	0
0	3	174	174
0	2	89	89
52707	0	0	0
0	3	175	175
0	2	93	93
52708	0	0	0
0	3	175	175
0	2	93	93
52709	0	0	0
0	3	175	175
0	2	93	93
52710	0	0	0
0	3	175	175
0	2	93	93
52711	0	0	0
0	3	185	185
0	2	93	93
52712	0	0	0
0	3	185	185
0	2	93	93
52713	0	0	0
0	3	185	185
0	2	93	93
52714	0	0	0
0	3	185	185
0	2	93	93
52715	0	0	0
0	3	190	190
0	2	93	93
52716	0	0	0
0	3	190	190
0	2	93	93
52717	0	0	0
0	3	190	190
0	2	93	93
52718	0	0	0
0	3	190	190
0	2	93	93
52719	0	0	0
0	3	192	192
0	2	93	93
52720	0	0	0
0	3	192	192
0	2	93	93
52721	0	0	0
0	3	192	192
0	2	93	93
52722	0	0	0
0	3	192	192
0	2	93	93
52723	0	0	0
0	3	200	200
0	2	96	96
52724	0	0	0
0	3	200	200
0	2	96	96
52725	0	0	0
0	3	200	200
0	2	96	96
52726	0	0	0
0	3	200	200
0	2	96	96
52727	0	0	0
0	3	205	205
0	2	96	96
52728	0	0	0
0	3	205	205
0	2	96	96
52729	0	0	0
0	3	205	205
0	2	96	96
52730	0	0	0
0	3	205	205
0	2	96	96
52731	0	0	0
0	3	216	216
0	2	97	97
52732	0	0	0
0	3	216	216
0	2	97	97
52733	0	0	0
0	3	216	216
0	2	97	97
52734	0	0	0
0	3	216	216
0	2	97	97
52735	0	0	0
0	3	220	220
0	2	101	101
52736	0	0	0
0	3	220	220
0	2	101	101
52737	0	0	0
0	3	220	220
0	2	101	101
52738	0	0	0
0	3	220	220
0	2	101	101
52739	0	0	0
0	3	225	225
0	2	107	107
52740	0	0	0
0	3	225	225
0	2	107	107
52741	0	0	0
0	3	225	225
0	2	107	107
52742	0	0	0
0	3	225	225
0	2	107	107
52743	0	0	0
0	3	234	234
0	2	107	107
52744	0	0	0
0	3	234	234
0	2	107	107
52745	0	0	0
0	3	234	234
0	2	107	107
52746	0	0	0
0	3	234	234
0	2	107	107
52747	0	0	0
0	3	235	235
0	2	107	107
52748	0	0	0
0	3	235	235
0	2	107	107
52749	0	0	0
0	3	235	235
0	2	107	107
52750	0	0	0
0	3	235	235
0	2	107	107
52751	0	0	0
0	3	240	240
0	2	112	112
52752	0	0	0
0	3	240	240
0	2	112	112
52753	0	0	0
0	3	240	240
0	2	112	112
52754	0	0	0
0	3	240	240
0	2	112	112
52755	0	0	0
0	3	248	248
0	2	112	112
52756	0	0	0
0	3	248	248
0	2	112	112
52757	0	0	0
0	3	248	248
0	2	112	112
52758	0	0	0
0	3	248	248
0	2	112	112
52759	0	0	0
0	3	250	250
0	2	112	112
52760	0	0	0
0	3	250	250
0	2	112	112
52761	0	0	0
0	3	250	250
0	2	112	112
52762	0	0	0
0	3	250	250
0	2	112	112
52763	0	0	0
0	3	252	252
0	2	112	112
52764	0	0	0
0	3	252	252
0	2	112	112
52765	0	0	0
0	3	252	252
0	2	112	112
52766	0	0	0
0	3	252	252
0	2	112	112
52767	0	0	0
0	3	255	255
0	2	112	112
52768	0	0	0
0	3	255	255
0	2	112	112
52769	0	0	0
0	3	255	255
0	2	112	112
52770	0	0	0
0	3	255	255
0	2	112	112
52771	0	0	0
0	3	270	270
0	2	117	117
52772	0	0	0
0	3	270	270
0	2	117	117
52773	0	0	0
0	3	270	270
0	2	117	117
52774	0	0	0
0	3	270	270
0	2	117	117
52775	0	0	0
0	3	270	270
0	2	117	117
52776	0	0	0
0	3	275	275
0	2	117	117
52777	0	0	0
0	3	275	275
0	2	117	117
52778	0	0	0
0	3	275	275
0	2	117	117
52779	0	0	0
0	3	275	275
0	2	117	117
52780	0	0	0
0	3	275	275
0	2	117	117
52781	0	0	0
0	3	276	276
0	2	128	128
52782	0	0	0
0	3	276	276
0	2	128	128
52783	0	0	0
0	3	276	276
0	2	128	128
52784	0	0	0
0	3	276	276
0	2	128	128
52785	0	0	0
0	3	285	285
0	2	128	128
52786	0	0	0
0	3	285	285
0	2	128	128
52787	0	0	0
0	3	285	285
0	2	128	128
52788	0	0	0
0	3	285	285
0	2	128	128
52789	0	0	0
0	3	285	285
0	2	128	128
52790	0	0	0
0	3	290	290
0	2	128	128
52791	0	0	0
0	3	290	290
0	2	132	132
52792	0	0	0
0	3	290	290
0	2	132	132
52793	0	0	0
0	3	290	290
0	2	132	132
52794	0	0	0
0	3	290	290
0	2	132	132
52795	0	0	0
0	3	294	294
0	2	132	132
52796	0	0	0
0	3	294	294
0	2	132	132
52797	0	0	0
0	3	294	294
0	2	132	132
52798	0	0	0
0	3	294	294
0	2	132	132
52799	0	0	0
0	3	300	300
0	2	132	132
52800	0	0	0
0	3	300	300
0	2	132	132
52801	0	0	0
0	3	300	300
0	2	132	132
52802	0	0	0
0	3	300	300
0	2	132	132
52803	0	0	0
0	3	300	300
0	2	132	132
52804	0	0	0
0	3	305	305
0	2	132	132
52805	0	0	0
0	3	305	305
0	2	132	132
52806	0	0	0
0	3	305	305
0	2	132	132
52807	0	0	0
0	3	305	305
0	2	132	132
52808	0	0	0
0	3	305	305
0	2	132	132
52809	0	0	0
0	3	312	312
0	2	132	132
52810	0	0	0
0	3	312	312
0	2	132	132
52811	0	0	0
0	3	312	312
0	2	139	139
52812	0	0	0
0	3	312	312
0	2	139	139
52813	0	0	0
0	3	320	320
0	2	139	139
52814	0	0	0
0	3	320	320
0	2	139	139
52815	0	0	0
0	3	320	320
0	2	139	139
52816	0	0	0
0	3	320	320
0	2	139	139
52817	0	0	0
0	3	320	320
0	2	139	139
52818	0	0	0
0	3	323	323
0	2	139	139
52819	0	0	0
0	3	323	323
0	2	139	139
52820	0	0	0
0	3	323	323
0	2	139	139
52821	0	0	0
0	3	323	323
0	2	139	139
52822	0	0	0
0	3	325	325
0	2	139	139
52823	0	0	0
0	3	325	325
0	2	139	139
52824	0	0	0
0	3	325	325
0	2	139	139
52825	0	0	0
0	3	325	325
0	2	139	139
52826	0	0	0
0	3	325	325
0	2	139	139
52827	0	0	0
0	3	335	335
0	2	139	139
52828	0	0	0
0	3	335	335
0	2	139	139
52829	0	0	0
0	3	335	335
0	2	139	139
52830	0	0	0
0	3	335	335
0	2	139	139
52831	0	0	0
0	3	335	335
0	2	145	145
52832	0	0	0
0	3	336	336
0	2	145	145
52833	0	0	0
0	3	336	336
0	2	145	145
52834	0	0	0
0	3	336	336
0	2	145	145
52835	0	0	0
0	3	336	336
0	2	145	145
52836	0	0	0
0	3	336	336
0	2	152	152
52837	0	0	0
0	3	340	340
0	2	152	152
52838	0	0	0
0	3	340	340
0	2	152	152
52839	0	0	0
0	3	340	340
0	2	152	152
52840	0	0	0
0	3	340	340
0	2	152	152
52841	0	0	0
0	3	340	340
0	2	152	152
52842	0	0	0
0	3	350	350
0	2	152	152
52843	0	0	0
0	3	350	350
0	2	152	152
52844	0	0	0
0	3	350	350
0	2	152	152
52845	0	0	0
0	3	350	350
0	2	152	152
52846	0	0	0
0	3	350	350
0	2	152	152
52847	0	0	0
0	3	354	354
0	2	152	152
52848	0	0	0
0	3	354	354
0	2	152	152
52849	0	0	0
0	3	354	354
0	2	152	152
52850	0	0	0
0	3	354	354
0	2	152	152
52851	0	0	0
0	3	354	354
0	2	152	152
52852	0	0	0
0	3	355	355
0	2	152	152
52853	0	0	0
0	3	355	355
0	2	152	152
52854	0	0	0
0	3	355	355
0	2	152	152
52855	0	0	0
0	3	355	355
0	2	152	152
52856	0	0	0
0	3	355	355
0	2	153	153
52857	0	0	0
0	3	370	370
0	2	153	153
52858	0	0	0
0	3	370	370
0	2	153	153
52859	0	0	0
0	3	370	370
0	2	153	153
52860	0	0	0
0	3	370	370
0	2	153	153
52861	0	0	0
0	3	370	370
0	2	161	161
52862	0	0	0
0	3	372	372
0	2	161	161
52863	0	0	0
0	3	372	372
0	2	161	161
52864	0	0	0
0	3	372	372
0	2	161	161
52865	0	0	0
0	3	372	372
0	2	161	161
52866	0	0	0
0	3	372	372
0	2	169	169
52867	0	0	0
0	3	375	375
0	2	169	169
52868	0	0	0
0	3	375	375
0	2	169	169
52869	0	0	0
0	3	375	375
0	2	169	169
52870	0	0	0
0	3	375	375
0	2	169	169
52871	0	0	0
0	3	375	375
0	2	177	177
52872	0	0	0
0	3	385	385
0	2	177	177
52873	0	0	0
0	3	385	385
0	2	177	177
52874	0	0	0
0	3	385	385
0	2	177	177
52875	0	0	0
0	3	385	385
0	2	177	177
52876	0	0	0
0	3	385	385
0	2	186	186
52877	0	0	0
0	3	390	390
0	2	186	186
52878	0	0	0
0	3	390	390
0	2	186	186
52879	0	0	0
0	3	390	390
0	2	186	186
52880	0	0	0
0	3	390	390
0	2	186	186
52881	0	0	0
0	3	390	390
0	2	195	195
52882	0	0	0
0	3	396	396
0	2	195	195
52883	0	0	0
0	3	396	396
0	2	195	195
52884	0	0	0
0	3	396	396
0	2	195	195
52885	0	0	0
0	3	396	396
0	2	195	195
52886	0	0	0
0	3	396	396
0	2	205	205
52887	0	0	0
0	3	398	398
0	2	205	205
52888	0	0	0
0	3	398	398
0	2	205	205
52889	0	0	0
0	3	398	398
0	2	205	205
52890	0	0	0
0	3	398	398
0	2	205	205
52891	0	0	0
0	3	400	400
0	2	215	215
52892	0	0	0
0	3	400	400
0	2	215	215
52893	0	0	0
0	3	400	400
0	2	215	215
52894	0	0	0
0	3	400	400
0	2	215	215
52895	0	0	0
0	3	400	400
0	2	215	215
52896	0	0	0
0	3	405	405
0	2	226	226
52897	0	0	0
0	3	405	405
0	2	226	226
52898	0	0	0
0	3	405	405
0	2	226	226
52899	0	0	0
0	3	405	405
0	2	226	226
52900	0	0	0
0	3	405	405
0	2	226	226
52901	0	0	0
0	3	414	414
0	2	226	226
52902	0	0	0
0	3	414	414
0	2	226	226
52903	0	0	0
0	3	414	414
0	2	226	226
52904	0	0	0
0	3	414	414
0	2	226	226
52905	0	0	0
0	3	414	414
0	2	226	226
52906	0	0	0
0	3	420	420
0	2	226	226
52907	0	0	0
0	3	420	420
0	2	226	226
52908	0	0	0
0	3	420	420
0	2	226	226
52909	0	0	0
0	3	420	420
0	2	226	226
52910	0	0	0
0	3	420	420
0	2	226	226
52911	0	0	0
0	3	425	425
0	2	226	226
52912	0	0	0
0	3	425	425
0	2	226	226
52913	0	0	0
0	3	425	425
0	2	226	226
52914	0	0	0
0	3	425	425
0	2	226	226
52915	0	0	0
0	3	425	425
0	2	226	226
52916	0	0	0
0	3	432	432
0	2	230	230
52917	0	0	0
0	3	432	432
0	2	230	230
52918	0	0	0
0	3	432	432
0	2	230	230
52919	0	0	0
0	3	432	432
0	2	230	230
52920	0	0	0
0	3	432	432
0	2	230	230
52921	0	0	0
0	3	435	435
0	2	230	230
52922	0	0	0
0	3	435	435
0	2	230	230
52923	0	0	0
0	3	435	435
0	2	230	230
52924	0	0	0
0	3	435	435
0	2	230	230
52925	0	0	0
0	3	435	435
0	2	230	230
52926	0	0	0
0	3	440	440
0	2	242	242
52927	0	0	0
0	3	440	440
0	2	242	242
52928	0	0	0
0	3	440	440
0	2	242	242
52929	0	0	0
0	3	440	440
0	2	242	242
52930	0	0	0
0	3	440	440
0	2	242	242
52931	0	0	0
0	3	450	450
0	2	254	254
52932	0	0	0
0	3	450	450
0	2	254	254
52933	0	0	0
0	3	450	450
0	2	254	254
52934	0	0	0
0	3	450	450
0	2	254	254
52935	0	0	0
0	3	450	450
0	2	254	254
52936	0	0	0
0	3	455	455
0	2	266	266
52937	0	0	0
0	3	455	455
0	2	266	266
52938	0	0	0
0	3	455	455
0	2	266	266
52939	0	0	0
0	3	455	455
0	2	266	266
52940	0	0	0
0	3	455	455
0	2	266	266
52941	0	0	0
0	3	456	456
0	2	279	279
52942	0	0	0
0	3	456	456
0	2	279	279
52943	0	0	0
0	3	456	456
0	2	279	279
52944	0	0	0
0	3	456	456
0	2	279	279
52945	0	0	0
0	3	456	456
0	2	279	279
52946	0	0	0
0	3	470	470
0	2	293	293
52947	0	0	0
0	3	470	470
0	2	293	293
52948	0	0	0
0	3	470	470
0	2	293	293
52949	0	0	0
0	3	470	470
0	2	293	293
52950	0	0	0
0	3	470	470
0	2	293	293
52951	0	0	0
0	3	473	473
0	2	308	308
52952	0	0	0
0	3	473	473
0	2	308	308
52953	0	0	0
0	3	473	473
0	2	308	308
52954	0	0	0
0	3	473	473
0	2	308	308
52955	0	0	0
0	3	473	473
0	2	308	308
52956	0	0	0
0	3	474	474
0	2	323	323
52957	0	0	0
0	3	474	474
0	2	323	323
52958	0	0	0
0	3	474	474
0	2	323	323
52959	0	0	0
0	3	474	474
0	2	323	323
52960	0	0	0
0	3	474	474
0	2	323	323
52961	0	0	0
0	3	475	475
0	2	339	339
52962	0	0	0
0	3	475	475
0	2	339	339
52963	0	0	0
0	3	475	475
0	2	339	339
52964	0	0	0
0	3	475	475
0	2	339	339
52965	0	0	0
0	3	475	475
0	2	339	339
52966	0	0	0
0	3	485	485
0	2	356	356
52967	0	0	0
0	3	485	485
0	2	356	356
52968	0	0	0
0	3	485	485
0	2	356	356
52969	0	0	0
0	3	485	485
0	2	356	356
52970	0	0	0
0	3	485	485
0	2	356	356
52971	0	0	0
0	3	490	490
0	2	374	374
52972	0	0	0
0	3	490	490
0	2	374	374
52973	0	0	0
0	3	490	490
0	2	374	374
52974	0	0	0
0	3	490	490
0	2	374	374
52975	0	0	0
0	3	490	490
0	2	374	374
52976	0	0	0
0	3	492	492
0	2	393	393
52977	0	0	0
0	3	492	492
0	2	393	393
52978	0	0	0
0	3	492	492
0	2	393	393
52979	0	0	0
0	3	492	492
0	2	393	393
52980	0	0	0
0	3	492	492
0	2	393	393
52981	0	0	0
0	3	500	500
0	2	412	412
52982	0	0	0
0	3	500	500
0	2	412	412
52983	0	0	0
0	3	500	500
0	2	412	412
52984	0	0	0
0	3	500	500
0	2	412	412
52985	0	0	0
0	3	500	500
0	2	412	412
52986	0	0	0
0	3	505	505
0	2	433	433
52987	0	0	0
0	3	505	505
0	2	433	433
52988	0	0	0
0	3	505	505
0	2	433	433
52989	0	0	0
0	3	505	505
0	2	433	433
52990	0	0	0
0	3	505	505
0	2	433	433
52991	0	0	0
0	3	516	516
0	2	454	454
52992	0	0	0
0	3	516	516
0	2	454	454
52993	0	0	0
0	3	516	516
0	2	454	454
52994	0	0	0
0	3	516	516
0	2	454	454
52995	0	0	0
0	3	516	516
0	2	454	454
52996	0	0	0
0	3	534	534
0	2	477	477
52997	0	0	0
0	3	534	534
0	2	477	477
52998	0	0	0
0	3	534	534
0	2	477	477
52999	0	0	0
0	3	534	534
0	2	477	477
53000	0	0	0
0	3	534	534
0	2	477	477
53001	0	0	0
0	3	548	548
0	2	501	501
53002	0	0	0
0	3	548	548
0	2	501	501
53003	0	0	0
0	3	548	548
0	2	501	501
53004	0	0	0
0	3	548	548
0	2	501	501
53005	0	0	0
0	3	548	548
0	2	501	501
53006	0	0	0
0	3	552	552
0	2	526	526
53007	0	0	0
0	3	552	552
0	2	526	526
53008	0	0	0
0	3	552	552
0	2	526	526
53009	0	0	0
0	3	552	552
0	2	526	526
53010	0	0	0
0	3	552	552
0	2	526	526
53011	0	0	0
0	3	576	576
0	2	538	538
53012	0	0	0
0	3	576	576
0	2	538	538
53013	0	0	0
0	3	576	576
0	2	538	538
53014	0	0	0
0	3	576	576
0	2	538	538
53015	0	0	0
0	3	576	576
0	2	538	538
53016	0	0	0
0	3	594	594
0	2	565	565
53017	0	0	0
0	3	594	594
0	2	565	565
53018	0	0	0
0	3	594	594
0	2	565	565
53019	0	0	0
0	3	594	594
0	2	565	565
53020	0	0	0
0	3	594	594
0	2	565	565
53021	0	0	0
0	3	612	612
0	2	578	578
53022	0	0	0
0	3	612	612
0	2	578	578
53023	0	0	0
0	3	612	612
0	2	578	578
53024	0	0	0
0	3	612	612
0	2	578	578
53025	0	0	0
0	3	612	612
0	2	578	578
53026	0	0	0
0	3	623	623
0	2	607	607
53027	0	0	0
0	3	623	623
0	2	607	607
53028	0	0	0
0	3	623	623
0	2	607	607
53029	0	0	0
0	3	623	623
0	2	607	607
53030	0	0	0
0	3	623	623
0	2	607	607
53031	0	0	0
0	3	698	698
0	2	620	620
53032	0	0	0
0	3	698	698
0	2	620	620
53033	0	0	0
0	3	698	698
0	2	620	620
53034	0	0	0
0	3	698	698
0	2	620	620
53035	0	0	0
0	3	698	698
0	2	620	620
53036	0	0	0
0	3	773	773
0	2	651	651
53037	0	0	0
0	3	773	773
0	2	651	651
53038	0	0	0
0	3	773	773
0	2	651	651
53039	0	0	0
0	3	773	773
0	2	651	651
53040	0	0	0
0	3	773	773
0	2	651	651
53041	0	0	0
0	3	773	773
0	2	651	651
53042	0	0	0
0	3	773	773
0	2	651	651
53043	0	0	0
0	3	773	773
0	2	651	651
53044	0	0	0
0	3	773	773
0	2	651	651
53045	0	0	0
0	3	773	773
0	2	651	651
53046	0	0	0
0	3	773	773
0	2	651	651
53047	0	0	0
0	3	773	773
0	2	651	651
53048	0	0	0
0	3	773	773
0	2	651	651
53049	0	0	0
0	3	773	773
0	2	651	651
53050	0	0	0
0	3	773	773
0	2	651	651
53051	0	0	0
0	3	773	773
0	2	651	651
53052	0	0	0
0	3	773	773
0	2	651	651
53053	0	0	0
0	3	773	773
0	2	651	651
53054	0	0	0
0	3	773	773
0	2	651	651
53055	0	0	0
0	3	773	773
0	2	651	651
53056	0	0	0
0	3	773	773
0	2	651	651
53057	0	0	0
0	3	773	773
0	2	651	651
53058	0	0	0
0	3	773	773
0	2	651	651
53059	0	0	0
0	3	773	773
0	2	651	651
53060	0	0	0
0	3	773	773
0	2	651	651
53061	0	0	0
0	3	773	773
0	2	651	651
53062	0	0	0
0	3	773	773
0	2	651	651
53063	0	0	0
0	3	773	773
0	2	651	651
53064	0	0	0
0	3	773	773
0	2	651	651
53065	0	0	0
0	3	773	773
0	2	651	651
53066	0	0	0
0	3	773	773
0	2	651	651
53067	0	0	0
0	3	773	773
0	2	651	651
53068	0	0	0
0	3	773	773
0	2	651	651
53069	0	0	0
0	3	773	773
0	2	651	651
53070	0	0	0
0	3	773	773
0	2	651	651
53071	0	0	0
0	3	773	773
0	2	651	651
53072	0	0	0
0	3	773	773
0	2	651	651
53073	0	0	0
0	3	773	773
0	2	651	651
53074	0	0	0
0	3	773	773
0	2	651	651
53075	0	0	0
0	3	773	773
0	2	651	651
53076	0	0	0
0	3	773	773
0	2	651	651
53077	0	0	0
0	3	773	773
0	2	651	651
53078	0	0	0
0	3	773	773
0	2	651	651
53079	0	0	0
0	3	773	773
0	2	651	651
53080	0	0	0
0	3	773	773
0	2	651	651
53081	0	0	0
0	3	773	773
0	2	651	651
53082	0	0	0
0	3	773	773
0	2	651	651
53083	0	0	0
0	3	773	773
0	2	651	651
53084	0	0	0
0	3	773	773
0	2	651	651
53085	0	0	0
0	3	773	773
0	2	651	651
53086	0	0	0
0	3	773	773
0	2	651	651
53087	0	0	0
0	3	773	773
0	2	651	651
53088	0	0	0
0	3	773	773
0	2	651	651
53089	0	0	0
0	3	773	773
0	2	651	651
53090	0	0	0
0	3	773	773
0	2	651	651
53091	0	0	0
0	3	773	773
0	2	651	651
53092	0	0	0
0	3	773	773
0	2	651	651
53093	0	0	0
0	3	773	773
0	2	651	651
53094	0	0	0
0	3	773	773
0	2	651	651
53095	0	0	0
0	3	773	773
0	2	651	651
53096	0	0	0
0	3	773	773
0	2	651	651
53097	0	0	0
0	3	773	773
0	2	651	651
53098	0	0	0
0	3	773	773
0	2	651	651
53099	0	0	0
0	3	773	773
0	2	651	651
53100	0	0	0
0	3	773	773
0	2	651	651
53101	0	0	0
0	3	773	773
0	2	651	651
53102	0	0	0
0	3	773	773
0	2	651	651
53103	0	0	0
0	3	773	773
0	2	651	651
53104	0	0	0
0	3	773	773
0	2	651	651
53105	0	0	0
0	3	773	773
0	2	651	651
53106	0	0	0
0	3	773	773
0	2	651	651
53107	0	0	0
0	3	773	773
0	2	651	651
53108	0	0	0
0	3	773	773
0	2	651	651
53109	0	0	0
0	3	773	773
0	2	651	651
53110	0	0	0
0	3	773	773
0	2	651	651
53111	0	0	0
0	3	773	773
0	2	651	651
53112	0	0	0
0	3	773	773
0	2	651	651
53113	0	0	0
0	3	773	773
0	2	651	651
53114	0	0	0
0	3	773	773
0	2	651	651
53115	0	0	0
0	3	773	773
0	2	651	651
53116	0	0	0
0	3	773	773
0	2	651	651
53117	0	0	0
0	3	773	773
0	2	651	651
53118	0	0	0
0	3	773	773
0	2	651	651
53119	0	0	0
0	3	773	773
0	2	651	651
53120	0	0	0
0	3	773	773
0	2	651	651
53121	0	0	0
0	3	773	773
0	2	651	651
53122	0	0	0
0	3	773	773
0	2	651	651
53123	0	0	0
0	3	773	773
0	2	651	651
53124	0	0	0
0	3	773	773
0	2	651	651
53125	0	0	0
0	3	773	773
0	2	651	651
53126	0	0	0
0	3	773	773
0	2	651	651
53127	0	0	0
0	3	773	773
0	2	651	651
53128	0	0	0
0	3	773	773
0	2	651	651
53129	0	0	0
0	3	773	773
0	2	651	651
53130	0	0	0
0	3	773	773
0	2	651	651
53131	0	0	0
0	3	773	773
0	2	651	651
53132	0	0	0
0	3	773	773
0	2	651	651
53133	0	0	0
0	3	773	773
0	2	651	651
53134	0	0	0
0	3	773	773
0	2	651	651
53135	0	0	0
0	3	773	773
0	2	651	651
53136	0	0	0
0	3	773	773
0	2	651	651
53137	0	0	0
0	3	773	773
0	2	651	651
53138	0	0	0
0	3	773	773
0	2	651	651
53139	0	0	0
0	3	773	773
0	2	651	651
53140	0	0	0
0	3	773	773
0	2	651	651
53141	0	0	0
0	3	773	773
0	2	651	651
53142	0	0	0
0	3	773	773
0	2	651	651
53143	0	0	0
0	3	773	773
0	2	651	651
53144	0	0	0
0	3	773	773
0	2	651	651
53145	0	0	0
0	3	773	773
0	2	651	651
53146	0	0	0
0	3	773	773
0	2	651	651
53147	0	0	0
0	3	773	773
0	2	651	651
53148	0	0	0
0	3	773	773
0	2	651	651
53149	0	0	0
0	3	773	773
0	2	651	651
53150	0	0	0
0	3	773	773
0	2	651	651
53151	0	0	0
0	3	773	773
0	2	651	651
53152	0	0	0
0	3	773	773
0	2	651	651
53153	0	0	0
0	3	773	773
0	2	651	651
53154	0	0	0
0	3	773	773
0	2	651	651
53155	0	0	0
0	3	773	773
0	2	651	651
53156	0	0	0
0	3	773	773
0	2	651	651
53157	0	0	0
0	3	773	773
0	2	651	651
53158	0	0	0
0	3	773	773
0	2	651	651
53159	0	0	0
0	3	773	773
0	2	651	651
53160	0	0	0
0	3	773	773
0	2	651	651
53161	0	0	0
0	3	773	773
0	2	651	651
53162	0	0	0
0	3	773	773
0	2	651	651
53163	0	0	0
0	3	773	773
0	2	651	651
53164	0	0	0
0	3	773	773
0	2	651	651
53165	0	0	0
0	3	773	773
0	2	651	651
53166	0	0	0
0	3	773	773
0	2	651	651
53167	0	0	0
0	3	773	773
0	2	651	651
53168	0	0	0
0	3	773	773
0	2	651	651
53169	0	0	0
0	3	773	773
0	2	651	651
53170	0	0	0
0	3	773	773
0	2	651	651
53171	0	0	0
0	3	773	773
0	2	651	651
53172	0	0	0
0	3	773	773
0	2	651	651
53173	0	0	0
0	3	773	773
0	2	651	651
53174	0	0	0
0	3	773	773
0	2	651	651
53175	0	0	0
0	3	773	773
0	2	651	651
53176	0	0	0
0	3	773	773
0	2	651	651
53177	0	0	0
0	3	773	773
0	2	651	651
53178	0	0	0
0	3	773	773
0	2	651	651
53179	0	0	0
0	3	773	773
0	2	651	651
53180	0	0	0
0	3	773	773
0	2	651	651
53181	0	0	0
0	3	773	773
0	2	651	651
53182	0	0	0
0	3	773	773
0	2	651	651
53183	0	0	0
0	3	773	773
0	2	651	651
53184	0	0	0
0	3	773	773
0	2	651	651
53185	0	0	0
0	3	773	773
0	2	651	651
53186	0	0	0
0	3	773	773
0	2	651	651
53187	0	0	0
0	3	773	773
0	2	651	651
53188	0	0	0
0	3	773	773
0	2	651	651
53189	0	0	0
0	3	773	773
0	2	651	651
53190	0	0	0
0	3	773	773
0	2	651	651
53191	0	0	0
0	3	773	773
0	2	651	651
53192	0	0	0
0	3	773	773
0	2	651	651
53193	0	0	0
0	3	773	773
0	2	651	651
53194	0	0	0
0	3	773	773
0	2	651	651
53195	0	0	0
0	3	773	773
0	2	651	651
53196	0	0	0
0	3	773	773
0	2	651	651
53197	0	0	0
0	3	773	773
0	2	651	651
53198	0	0	0
0	3	773	773
0	2	651	651
53199	0	0	0
0	3	773	773
0	2	651	651
53200	0	0	0
0	3	773	773
0	2	651	651